1734673345.799647,0
1734673345.903311,0
1734673346.017167,0
1734673346.129551,0
1734673346.258677,0
1734673346.376576,0
1734673346.482648,0
1734673346.596254,0
1734673346.710011,0
1734673346.823240,0
1734673346.928107,0
1734673347.042828,0
1734673347.156440,0
1734673347.281876,0
1734673347.399120,0
1734673347.505607,0
1734673347.620442,0
1734673347.736479,0
1734673347.870944,0
1734673347.976840,0
1734673348.092259,0
1734673348.207551,0
1734673348.323780,0
1734673348.440165,0
1734673348.550743,0
1734673348.665231,0
1734673348.783731,0
1734673348.898788,0
1734673349.045203,0
1734673349.159436,0
1734673349.276003,0
1734673349.405210,0
1734673349.526526,0
1734673349.644310,0
1734673349.761893,0
1734673349.873430,0
1734673349.989789,0
1734673350.106422,0
1734673350.224270,0
1734673350.342992,0
1734673350.460071,0
1734673350.574138,0
1734673350.702463,0
1734673350.818378,0
1734673350.934067,0
1734673351.051327,0
1734673351.163823,0
1734673351.292115,0
1734673351.410573,0
1734673351.528308,0
1734673351.655027,0
1734673351.774053,0
1734673351.897825,0
1734673352.021854,0
1734673352.129688,0
1734673352.262100,0
1734673352.381315,0
1734673352.499442,0
1734673352.620063,0
1734673352.737426,0
1734673352.855292,0
1734673352.966857,0
1734673353.088151,0
1734673353.195767,0
1734673353.315942,0
1734673353.448688,0
1734673353.568272,0
1734673353.689847,0
1734673353.802294,0
1734673353.925877,0
1734673354.043491,0
1734673354.160524,0
1734673354.277528,0
1734673354.393891,0
1734673354.518291,0
1734673354.635663,0
1734673354.750849,0
1734673354.867346,0
1734673354.984914,0
1734673355.102591,0
1734673355.218453,0
1734673355.334446,0
1734673355.453783,0
1734673355.578595,0
1734673355.694237,0
1734673355.813901,0
1734673355.931339,0
1734673356.050810,0
1734673356.167551,0
1734673356.286829,0
1734673356.402483,0
1734673356.519504,0
1734673356.637039,0
1734673356.748678,0
1734673356.866060,0
1734673357.000742,0
1734673357.138286,0
1734673357.257602,0
1734673357.380803,0
1734673357.674559,0
1734673357.806857,0
1734673357.942706,0
1734673358.102462,0
1734673358.366211,0
1734673358.482237,0
1734673358.597959,0
1734673358.716240,0
1734673358.822878,0
1734673358.960327,0
1734673359.068454,0
1734673359.191720,0
1734673359.310836,0
1734673359.425846,0
1734673359.561779,0
1734673359.678382,0
1734673359.837764,0
1734673359.994897,0
1734673360.115870,0
1734673360.272270,0
1734673360.408026,0
1734673360.527848,0
1734673360.657617,0
1734673360.774922,0
1734673360.887208,0
1734673360.997187,0
1734673361.105464,0
1734673361.224276,0
1734673361.343544,0
1734673361.474203,0
1734673361.598110,0
1734673361.719254,0
1734673361.843852,0
1734673361.962622,0
1734673362.089210,0
1734673362.192838,0
1734673362.296479,0
1734673362.400143,0
1734673362.516164,0
1734673362.629007,0
1734673362.732581,0
1734673362.836167,0
1734673362.941050,0
1734673363.045722,0
1734673363.161958,0
1734673363.324529,0
1734673363.428738,0
1734673363.668763,0
1734673363.818491,0
1734673363.931141,0
1734673364.048635,0
1734673364.164102,0
1734673364.278248,0
1734673364.412057,0
1734673364.526376,0
1734673364.691158,0
1734673364.824799,0
1734673364.939423,0
1734673365.205140,0
1734673365.418097,0
1734673365.703767,0
1734673365.824363,0
1734673365.940454,0
1734673366.054379,0
1734673366.178080,0
1734673366.415317,0
1734673366.672469,0
1734673366.790655,0
1734673366.922743,0
1734673367.039341,0
1734673367.148913,0
1734673367.263464,0
1734673367.380429,0
1734673367.499815,0
1734673367.616469,0
1734673367.730554,0
1734673367.855806,0
1734673367.967757,0
1734673368.087961,0
1734673368.218421,0
1734673368.338983,0
1734673368.456324,0
1734673368.574997,0
1734673368.693446,0
1734673368.810745,0
1734673368.934349,0
1734673369.054885,0
1734673369.162932,0
1734673369.274673,0
1734673369.392504,0
1734673369.510516,0
1734673369.638774,0
1734673369.743000,0
1734673369.881786,0
1734673369.999425,0
1734673370.131580,0
1734673370.265856,0
1734673370.386168,0
1734673370.511735,0
1734673370.632160,0
1734673370.744901,0
1734673370.862137,0
1734673370.977546,0
1734673371.112346,0
1734673371.225554,0
1734673371.357838,0
1734673371.474111,0
1734673371.604362,0
1734673371.728491,0
1734673371.834806,0
1734673371.950730,0
1734673372.069154,0
1734673372.204528,0
1734673372.315681,0
1734673372.432985,0
1734673372.551840,0
1734673372.670016,0
1734673372.798402,0
1734673372.915130,0
1734673373.032403,0
1734673373.151927,0
1734673373.267047,0
1734673373.383678,0
1734673373.510023,0
1734673373.634277,0
1734673373.752670,0
1734673373.858385,0
1734673373.986970,0
1734673374.104981,0
1734673374.298576,0
1734673374.413057,0
1734673374.601901,0
1734673374.720173,0
1734673374.841821,0
1734673374.958208,0
1734673375.074793,0
1734673375.191787,0
1734673375.310008,0
1734673375.423595,0
1734673375.553771,0
1734673375.670748,0
1734673375.805012,0
1734673375.914655,0
1734673376.045996,0
1734673376.162688,0
1734673376.280512,0
1734673376.390283,0
1734673376.506625,0
1734673376.641578,0
1734673376.759746,0
1734673376.915334,0
1734673377.036947,0
1734673377.173213,0
1734673377.322854,0
1734673377.481978,0
1734673377.674758,0
1734673377.794303,0
1734673377.949394,0
1734673378.058431,0
1734673378.174813,0
1734673378.330534,0
1734673378.455179,0
1734673378.576705,0
1734673378.691631,0
1734673378.808941,0
1734673378.929184,0
1734673379.040920,0
1734673379.158496,0
1734673379.284446,0
1734673379.412842,0
1734673379.517273,0
1734673379.635835,0
1734673379.754264,0
1734673379.872975,0
1734673379.985940,0
1734673380.089692,0
1734673380.206120,0
1734673380.323536,0
1734673380.440907,0
1734673380.546379,0
1734673380.666942,0
1734673380.784832,0
1734673380.903311,0
1734673381.022474,0
1734673381.127025,0
1734673381.255620,0
1734673381.382520,0
1734673381.518901,0
1734673381.631037,0
1734673381.751994,0
1734673381.869990,0
1734673381.985832,0
1734673382.111974,0
1734673382.224066,0
1734673382.341611,0
1734673382.458836,0
1734673382.582130,0
1734673382.707005,0
1734673382.823305,0
1734673382.943005,0
1734673383.059413,0
1734673383.165991,0
1734673383.286950,0
1734673383.424716,0
1734673383.541926,0
1734673383.665261,0
1734673383.783480,0
1734673383.899754,0
1734673384.037467,0
1734673384.184531,0
1734673384.305901,0
1734673384.421396,0
1734673384.601563,0
1734673384.735162,0
1734673384.856001,0
1734673384.988409,0
1734673385.216780,0
1734673385.379953,0
1734673385.674772,0
1734673385.823709,0
1734673385.939022,0
1734673386.062853,0
1734673386.197163,0
1734673386.377067,0
1734673386.675838,0
1734673386.797740,0
1734673386.935464,0
1734673387.058656,0
1734673387.195726,0
1734673387.383564,0
1734673387.676440,0
1734673387.820765,0
1734673387.958701,0
1734673388.146982,0
1734673388.277516,0
1734673388.392693,0
1734673388.674600,0
1734673388.810523,0
1734673388.976648,0
1734673389.223277,0
1734673389.382015,0
1734673389.621405,0
1734673389.813210,0
1734673389.929914,0
1734673390.047976,0
1734673390.159419,0
1734673390.296661,0
1734673390.401890,0
1734673390.521152,0
1734673390.683705,0
1734673390.815900,0
1734673390.925786,0
1734673391.042637,0
1734673391.176172,0
1734673391.289835,0
1734673391.402470,0
1734673391.524511,0
1734673391.659110,0
1734673391.789104,0
1734673391.894858,0
1734673392.014557,0
1734673392.139726,0
1734673392.261313,0
1734673392.379058,0
1734673392.490724,0
1734673392.608691,0
1734673392.726809,0
1734673392.843860,0
1734673392.950068,0
1734673393.065878,0
1734673393.199152,0
1734673393.316907,0
1734673393.435960,0
1734673393.565336,0
1734673393.677536,0
1734673393.794694,0
1734673393.932668,0
1734673394.043314,0
1734673394.153212,0
1734673394.292742,0
1734673394.416436,0
1734673394.521274,0
1734673394.637756,0
1734673394.754123,0
1734673394.871227,0
1734673394.989500,0
1734673395.100869,0
1734673395.218216,0
1734673395.335715,0
1734673395.464828,0
1734673395.569251,0
1734673395.680773,0
1734673395.798503,0
1734673395.903655,0
1734673396.030019,0
1734673396.141798,0
1734673396.257992,0
1734673396.375470,0
1734673396.494644,0
1734673396.621183,0
1734673396.738777,0
1734673396.912330,0
1734673397.050572,0
1734673397.178973,0
1734673397.339472,0
1734673397.456956,0
1734673397.637630,0
1734673397.750821,0
1734673397.944808,0
1734673398.064237,0
1734673398.172123,0
1734673398.291642,0
1734673398.445254,0
1734673398.595281,0
1734673398.758883,0
1734673398.863438,0
1734673398.980821,0
1734673399.097498,0
1734673399.212160,0
1734673399.331049,0
1734673399.461934,0
1734673399.583218,0
1734673399.709982,0
1734673399.822911,0
1734673399.940153,0
1734673400.070650,0
1734673400.187094,0
1734673400.306699,0
1734673400.439128,0
1734673400.560082,0
1734673400.681147,0
1734673400.807885,0
1734673400.926782,0
1734673401.048448,0
1734673401.168991,0
1734673401.343024,0
1734673401.460253,0
1734673401.602734,0
1734673401.750160,0
1734673401.867938,0
1734673401.992538,0
1734673402.109543,0
1734673402.230585,0
1734673402.344082,0
1734673402.463871,0
1734673402.617552,0
1734673402.764122,0
1734673402.868601,0
1734673402.987126,0
1734673403.110774,0
1734673403.239222,0
1734673403.449971,0
1734673403.571948,0
1734673403.691366,0
1734673403.813844,0
1734673403.981245,0
1734673404.116081,0
1734673404.235298,0
1734673404.383583,0
1734673404.504753,0
1734673404.622608,0
1734673404.739984,0
1734673404.885000,0
1734673405.014793,0
1734673405.132055,0
1734673405.252639,0
1734673405.386907,0
1734673405.506307,0
1734673405.624137,0
1734673405.767053,0
1734673405.873343,0
1734673405.992337,0
1734673406.122424,0
1734673406.241799,0
1734673406.403018,0
1734673406.516683,0
1734673406.634520,0
1734673406.774499,0
1734673406.893042,0
1734673407.006906,0
1734673407.124960,0
1734673407.244248,0
1734673407.361468,0
1734673407.466656,0
1734673407.582863,0
1734673407.706534,0
1734673407.826748,0
1734673407.945865,0
1734673408.064713,0
1734673408.217111,0
1734673408.340367,0
1734673408.452602,0
1734673408.582294,0
1734673408.752235,0
1734673408.888792,0
1734673408.994972,0
1734673409.158761,0
1734673409.275895,0
1734673409.391918,0
1734673409.520095,0
1734673409.652070,0
1734673409.788794,0
1734673409.894614,0
1734673410.011653,0
1734673410.198727,0
1734673410.319549,0
1734673410.436764,0
1734673410.544613,0
1734673410.655661,0
1734673410.772180,0
1734673410.891662,0
1734673411.019901,0
1734673411.162812,0
1734673411.280526,0
1734673411.398493,0
1734673411.515913,0
1734673411.620899,0
1734673411.735516,0
1734673411.854403,0
1734673411.996595,0
1734673412.103172,0
1734673412.218898,0
1734673412.351442,0
1734673412.469155,0
1734673412.586670,0
1734673412.703228,0
1734673412.831593,0
1734673412.950165,0
1734673413.075381,0
1734673413.180994,0
1734673413.315458,0
1734673413.433691,0
1734673413.545573,0
1734673413.651389,0
1734673413.760646,0
1734673413.888298,0
1734673414.007545,0
1734673414.126252,0
1734673414.234224,0
1734673414.363539,0
1734673414.483317,0
1734673414.600577,0
1734673414.719326,0
1734673414.838022,0
1734673414.967779,0
1734673415.088198,0
1734673415.211935,0
1734673415.331277,0
1734673415.447704,0
1734673415.607314,0
1734673415.746831,0
1734673415.884835,0
1734673416.047235,0
1734673416.216676,0
1734673416.335831,0
1734673416.452693,0
1734673416.570152,0
1734673416.687399,0
1734673416.792838,0
1734673416.900082,0
1734673417.025670,0
1734673417.141616,0
1734673417.257578,0
1734673417.380992,0
1734673417.504350,0
1734673417.622058,0
1734673417.755909,0
1734673417.888697,0
1734673418.005479,0
1734673418.115971,0
1734673418.240196,0
1734673418.347378,0
1734673418.465974,0
1734673418.585287,0
1734673418.702407,0
1734673418.809163,0
1734673418.937505,0
1734673419.071276,0
1734673419.181321,0
1734673419.298882,0
1734673419.404248,0
1734673419.522652,0
1734673419.638249,0
1734673419.771932,0
1734673419.877321,0
1734673419.987192,0
1734673420.104580,0
1734673420.222139,0
1734673420.614073,0
1734673420.822825,0
1734673420.944265,0
1734673421.097513,0
1734673421.235717,0
1734673421.356121,0
1734673421.557068,0
1734673421.675215,0
1734673421.825676,0
1734673421.973996,0
1734673422.078629,0
1734673422.182258,0
1734673422.290437,0
1734673422.395017,0
1734673422.499310,0
1734673422.603034,0
1734673422.706813,0
1734673422.826478,0
1734673422.930408,0
1734673423.035494,0
1734673423.150827,0
1734673423.256968,0
1734673423.361073,0
1734673423.466811,0
1734673423.570376,0
1734673423.673852,0
1734673423.784269,0
1734673423.904441,0
1734673424.027945,0
1734673424.141804,0
1734673424.250694,0
1734673424.624484,0
1734673424.788369,0
1734673424.912741,0
1734673425.034120,0
1734673425.233008,0
1734673425.618141,0
1734673425.796808,0
1734673425.961181,0
1734673426.099145,0
1734673426.227836,0
1734673426.342140,0
1734673426.607297,0
1734673426.813965,0
1734673426.935448,0
1734673427.058221,0
1734673427.174073,0
1734673427.339889,0
1734673427.456520,0
1734673427.579738,0
1734673427.693855,0
1734673427.826293,0
1734673427.934979,0
1734673428.053511,0
1734673428.159102,0
1734673428.274666,0
1734673428.394937,0
1734673428.525508,0
1734673428.648974,0
1734673428.782964,0
1734673428.901235,0
1734673429.018821,0
1734673429.140040,0
1734673429.256200,0
1734673429.373377,0
1734673429.492573,0
1734673429.609598,0
1734673429.728266,0
1734673429.847171,0
1734673429.964136,0
1734673430.093822,0
1734673430.214995,0
1734673430.326249,0
1734673430.439316,0
1734673430.562340,0
1734673430.678977,0
1734673430.787524,0
1734673430.923699,0
1734673431.059451,0
1734673431.174284,0
1734673431.423957,0
1734673431.667936,0
1734673431.806693,0
1734673431.934517,0
1734673432.046908,0
1734673432.182550,0
1734673432.426960,0
1734673432.624059,0
1734673432.740785,0
1734673432.849279,0
1734673432.968797,0
1734673433.091949,0
1734673433.209170,0
1734673433.358013,0
1734673433.475953,0
1734673433.599879,0
1734673433.717577,0
1734673433.823954,0
1734673433.933001,0
1734673434.045769,0
1734673434.163219,0
1734673434.279704,0
1734673434.396729,0
1734673434.530694,0
1734673434.643457,0
1734673434.762885,0
1734673434.870426,0
1734673434.974012,0
1734673435.090677,0
1734673435.208269,0
1734673435.354312,0
1734673435.467377,0
1734673435.584846,0
1734673435.701998,0
1734673435.819703,0
