1734725772.543073,0
1734725772.647070,6
1734725772.753974,9
1734725772.862768,10
1734725772.978147,11
1734725773.088232,11
1734725773.207885,13
1734725773.320122,12
1734725773.428978,8
1734725773.538254,10
1734725773.646015,16
1734725773.769692,17
1734725773.876378,22
1734725773.995383,22
1734725774.108476,23
1734725774.220218,30
1734725774.329531,30
1734725774.438123,32
1734725774.545452,36
1734725774.652318,36
1734725774.770571,40
1734725774.874593,42
1734725774.993392,46
1734725775.112251,46
1734725775.234568,49
1734725775.345522,50
1734725775.456837,51
1734725775.585662,50
1734725775.698351,51
1734725775.812968,51
1734725775.918890,52
1734725776.040368,51
1734725776.147836,52
1734725776.261247,51
1734725776.373738,51
1734725776.490384,45
1734725776.608451,46
1734725776.725042,48
1734725776.839168,49
1734725776.945694,49
1734725777.057747,50
1734725777.174767,46
1734725777.292957,43
1734725777.430748,40
1734725777.554484,37
1734725777.669111,41
1734725777.780062,42
1734725777.886393,42
1734725777.993899,43
1734725778.112267,40
1734725778.221099,35
1734725778.338971,33
1734725778.468993,34
1734725778.583230,37
1734725778.688344,39
1734725778.804727,40
1734725778.909366,38
1734725779.032677,38
1734725779.154257,37
1734725779.271664,35
1734725779.385822,33
1734725779.496615,33
1734725779.617597,33
1734725779.732231,33
1734725779.847040,31
1734725779.952553,27
1734725780.071845,24
1734725780.184905,24
1734725780.320945,26
1734725780.436133,28
1734725780.555398,31
1734725780.663944,34
1734725780.773925,34
1734725780.881577,34
1734725780.986676,34
1734725781.092471,34
1734725781.202754,33
1734725781.315921,32
1734725781.427536,32
1734725781.542663,32
1734725781.657897,31
1734725781.768939,31
1734725781.875453,30
1734725781.986589,26
1734725782.108865,16
1734725782.216264,11
1734725782.325892,3
1734725782.450134,9
1734725782.561062,17
1734725782.681762,13
1734725782.795721,13
1734725782.900992,13
1734725783.019059,15
1734725783.127082,16
1734725783.243598,17
1734725783.353413,22
1734725783.463693,27
1734725783.573844,27
1734725783.685967,28
1734725783.794768,31
1734725783.898617,28
1734725784.006937,31
1734725784.113525,39
1734725784.230264,43
1734725784.337661,42
1734725784.448885,35
1734725784.562521,39
1734725784.674971,36
1734725784.787565,33
1734725784.892754,35
1734725785.003353,34
1734725785.108074,34
1734725785.229788,33
1734725785.346310,33
1734725785.498768,34
1734725785.607582,34
1734725785.727134,33
1734725785.840033,30
1734725785.953380,31
1734725786.065154,32
1734725786.168958,30
1734725786.290349,31
1734725786.401213,33
1734725786.513697,35
1734725786.625149,33
1734725786.730208,32
1734725786.839301,29
1734725786.943135,25
1734725787.052365,22
1734725787.165010,17
1734725787.282063,14
1734725787.392183,13
1734725787.510544,12
1734725787.629167,12
1734725787.738642,16
1734725787.844808,17
1734725787.970981,20
1734725788.088866,20
1734725788.204086,20
1734725788.325047,21
1734725788.435641,20
1734725788.552328,21
1734725788.673098,19
1734725788.786597,23
1734725788.904060,23
1734725789.019876,22
1734725789.137216,22
1734725789.246802,22
1734725789.370504,22
1734725789.481378,25
1734725789.589297,23
1734725789.694687,21
1734725789.807552,23
1734725789.913471,23
1734725790.026318,25
1734725790.144519,24
1734725790.255518,23
1734725790.360732,20
1734725790.479274,25
1734725790.593332,26
1734725790.706545,26
1734725790.821124,27
1734725790.943037,27
1734725791.052437,24
1734725791.169010,24
1734725791.278256,29
1734725791.396576,29
1734725791.505552,30
1734725791.629912,30
1734725791.744267,29
1734725791.853007,26
1734725791.962534,27
1734725792.072171,31
1734725792.182440,32
1734725792.292724,31
1734725792.396164,30
1734725792.508302,27
1734725792.619432,24
1734725792.733005,27
1734725792.840206,24
1734725792.953949,21
1734725793.069590,25
1734725793.177649,28
1734725793.295816,31
1734725793.402268,33
1734725793.511970,33
1734725793.626829,32
1734725793.741614,32
1734725793.848753,34
1734725793.956456,34
1734725794.065433,33
1734725794.172555,35
1734725794.299458,36
1734725794.409185,33
1734725794.518207,36
1734725794.630057,36
1734725794.739050,36
1734725794.849067,34
1734725794.972354,37
1734725795.083758,39
1734725795.195787,38
1734725795.306288,39
1734725795.415711,37
1734725795.520027,32
1734725795.635101,35
1734725795.747794,34
1734725795.853030,33
1734725795.965307,34
1734725796.084231,34
1734725796.205233,33
1734725796.317702,32
1734725796.428266,35
1734725796.533290,36
1734725796.650499,40
1734725796.768098,39
1734725796.873563,40
1734725796.994246,40
1734725797.106283,38
1734725797.219419,35
1734725797.334990,37
1734725797.446419,39
1734725797.558655,39
1734725797.663448,39
1734725797.780097,33
1734725797.890475,24
1734725798.004577,19
1734725798.116605,11
1734725798.229968,8
1734725798.341376,10
1734725798.451279,13
1734725798.560292,16
1734725798.664490,16
1734725798.777038,18
1734725798.881121,24
1734725798.990780,26
1734725799.100097,28
1734725799.209801,31
1734725799.328719,29
1734725799.439581,29
1734725799.554863,34
1734725799.658596,34
1734725799.775910,36
1734725799.883713,32
1734725799.997454,32
1734725800.112520,35
1734725800.218402,35
1734725800.330561,36
1734725800.445632,31
1734725800.553582,31
1734725800.669478,36
1734725800.779947,34
1734725800.885532,34
1734725800.991631,31
1734725801.101517,32
1734725801.216825,36
1734725801.326025,35
1734725801.437081,35
1734725801.549428,33
1734725801.657128,28
1734725801.763190,32
1734725801.866780,31
1734725801.972891,31
1734725802.082999,34
1734725802.191890,32
1734725802.298810,32
1734725802.406725,32
1734725802.512633,33
1734725802.623102,33
1734725802.733519,31
1734725802.838484,32
1734725802.943675,32
1734725803.054618,33
1734725803.163406,35
1734725803.269190,33
1734725803.377307,34
1734725803.488873,34
1734725803.597249,34
1734725803.707669,35
1734725803.812670,34
1734725803.917675,33
1734725804.029037,32
1734725804.137259,33
1734725804.245641,34
1734725804.349644,33
1734725804.458067,33
1734725804.573581,33
1734725804.678998,33
1734725804.786720,34
1734725804.890475,35
1734725804.997069,34
1734725805.111686,34
1734725805.223668,34
1734725805.338784,33
1734725805.454540,33
1734725805.572943,32
1734725805.687201,32
1734725805.799572,34
1734725805.911956,33
1734725806.028003,34
1734725806.139294,34
1734725806.254956,33
1734725806.367481,33
1734725806.478193,36
1734725806.595943,32
1734725806.711993,32
1734725806.823225,32
1734725806.927885,33
1734725807.043976,35
1734725807.153175,34
1734725807.265148,35
1734725807.374106,34
1734725807.486782,34
1734725807.605831,34
1734725807.715943,34
1734725807.831036,32
1734725807.943613,34
1734725808.067217,33
1734725808.175790,35
1734725808.293614,30
1734725808.407941,16
1734725808.522371,8
1734725808.641025,7
1734725808.757218,8
1734725808.866727,13
1734725808.976713,18
1734725809.103761,18
1734725809.212778,18
1734725809.336072,20
1734725809.446615,22
1734725809.558992,22
1734725809.681642,22
1734725809.799238,26
1734725809.905699,25
1734725810.013499,26
1734725810.131114,25
1734725810.244451,27
1734725810.366876,26
1734725810.480708,26
1734725810.602294,27
1734725810.715925,27
1734725810.823397,26
1734725810.944577,26
1734725811.068436,27
1734725811.178800,29
1734725811.289008,27
1734725811.399946,26
1734725811.509786,28
1734725811.629951,30
1734725811.750591,28
1734725811.857566,29
1734725811.981139,29
1734725812.087987,30
1734725812.202310,32
1734725812.314780,29
1734725812.428865,29
1734725812.543648,29
1734725812.655310,29
1734725812.767436,28
1734725812.872750,29
1734725812.984782,29
1734725813.090962,29
1734725813.208412,30
1734725813.316295,30
1734725813.435844,30
1734725813.547383,30
1734725813.662081,29
1734725813.777421,31
1734725813.882162,29
1734725814.001309,29
1734725814.108571,29
1734725814.224503,29
1734725814.335395,30
1734725814.452181,31
1734725814.562291,30
1734725814.670717,29
1734725814.778129,29
1734725814.882467,30
1734725815.004613,29
1734725815.115275,29
1734725815.227671,28
1734725815.340970,29
1734725815.455111,29
1734725815.570425,29
1734725815.684376,28
1734725815.794538,29
1734725815.899478,29
1734725816.018490,29
1734725816.127637,30
1734725816.234373,28
1734725816.354925,29
1734725816.465277,29
1734725816.576299,28
1734725816.694468,29
1734725816.808635,30
1734725816.913391,28
1734725817.022013,29
1734725817.130671,29
1734725817.251245,28
1734725817.366070,30
1734725817.483278,29
1734725817.599145,30
1734725817.718091,28
1734725817.831136,31
1734725817.941933,30
1734725818.054143,29
1734725818.166841,29
1734725818.275983,29
1734725818.396085,29
1734725818.512330,28
1734725818.629184,29
1734725818.737909,22
1734725818.845450,10
1734725818.952249,7
1734725819.071710,8
1734725819.185402,11
1734725819.289271,13
1734725819.400542,14
1734725819.515896,17
1734725819.631187,19
1734725819.744014,19
1734725819.851306,19
1734725819.966750,22
1734725820.076052,24
1734725820.190224,26
1734725820.302026,26
1734725820.413300,28
1734725820.525971,28
1734725820.643033,27
1734725820.752122,27
1734725820.857696,28
1734725820.970996,30
1734725821.093915,30
1734725821.202434,29
1734725821.317819,29
1734725821.423377,28
1734725821.541301,28
1734725821.655175,29
1734725821.764328,29
1734725821.869720,29
1734725821.982031,31
1734725822.096406,29
1734725822.209221,29
1734725822.322663,28
1734725822.427792,30
1734725822.548331,28
1734725822.659907,28
1734725822.777951,28
1734725822.883281,29
1734725823.001733,29
1734725823.114223,28
1734725823.228068,29
1734725823.338691,30
1734725823.466567,30
1734725823.580646,30
1734725823.699559,31
1734725823.816607,30
1734725823.922720,30
1734725824.035566,29
1734725824.148844,29
1734725824.259501,29
1734725824.368413,28
1734725824.476168,28
1734725824.588671,30
1734725824.698978,29
1734725824.811693,29
1734725824.932582,29
1734725825.047268,30
1734725825.160718,29
1734725825.271281,29
1734725825.388442,28
1734725825.499462,29
1734725825.607610,29
1734725825.719079,31
1734725825.831550,30
1734725825.938967,30
1734725826.055015,30
1734725826.166775,31
1734725826.284499,33
1734725826.396833,31
1734725826.505774,32
1734725826.609834,30
1734725826.720434,29
1734725826.827884,29
1734725826.933949,29
1734725827.046523,30
1734725827.158835,30
1734725827.268892,31
1734725827.381485,32
1734725827.494424,32
1734725827.607543,30
1734725827.726422,30
1734725827.834790,30
1734725827.943509,31
1734725828.055192,31
1734725828.171925,32
1734725828.290813,32
1734725828.403367,31
1734725828.518534,31
1734725828.640247,32
1734725828.764019,32
1734725828.869749,32
1734725828.992557,31
1734725829.104429,30
1734725829.214667,16
1734725829.326003,9
1734725829.436636,6
1734725829.555119,9
1734725829.670265,11
1734725829.781123,15
1734725829.889943,16
1734725829.996980,19
1734725830.111299,19
1734725830.217847,22
1734725830.332541,22
1734725830.441751,23
1734725830.546764,26
1734725830.651479,28
1734725830.757581,28
1734725830.866707,28
1734725830.974655,29
1734725831.087252,30
1734725831.210543,29
1734725831.316064,30
1734725831.440668,30
1734725831.549187,31
1734725831.659238,30
1734725831.763996,30
1734725831.868153,29
1734725831.987962,29
1734725832.099213,30
1734725832.210011,29
1734725832.320980,30
1734725832.436753,28
1734725832.562075,29
1734725832.680925,31
1734725832.795270,28
1734725832.900207,30
1734725833.026115,28
1734725833.132292,28
1734725833.248908,29
1734725833.366433,29
1734725833.476587,31
1734725833.591356,29
1734725833.703097,29
1734725833.816225,29
1734725833.921898,29
1734725834.040205,29
1734725834.147924,29
1734725834.255931,29
1734725834.369072,29
1734725834.474991,29
1734725834.583077,31
1734725834.699358,29
1734725834.804923,30
1734725834.909448,30
1734725835.014799,31
1734725835.122261,31
1734725835.229648,30
1734725835.337394,29
1734725835.444824,30
1734725835.552655,29
1734725835.658178,27
1734725835.765836,29
1734725835.870215,29
1734725835.974785,29
1734725836.084527,29
1734725836.188543,29
1734725836.299293,29
1734725836.410838,28
1734725836.518900,29
1734725836.625376,29
1734725836.731705,29
1734725836.837166,29
1734725836.941200,30
1734725837.048126,31
1734725837.157253,30
1734725837.264931,29
1734725837.373094,27
1734725837.480511,27
1734725837.587509,28
1734725837.694421,28
1734725837.803924,27
1734725837.910820,27
1734725838.016277,26
1734725838.126324,27
1734725838.235766,27
1734725838.342940,27
1734725838.449242,27
1734725838.555327,29
1734725838.666129,27
1734725838.773996,28
1734725838.877804,28
1734725838.983376,27
1734725839.091174,29
1734725839.197544,27
1734725839.311250,27
1734725839.416600,28
1734725839.524456,23
1734725839.632745,11
1734725839.739768,8
1734725839.844632,9
1734725839.950289,10
1734725840.054417,14
1734725840.161425,16
1734725840.270295,18
1734725840.379784,19
1734725840.486787,20
1734725840.595683,24
1734725840.707233,24
1734725840.822978,23
1734725840.942890,26
1734725841.047282,27
1734725841.163518,29
1734725841.271713,29
1734725841.382398,29
1734725841.489094,27
1734725841.594624,27
1734725841.702266,27
1734725841.810213,27
1734725841.914924,29
1734725842.023062,28
1734725842.132238,27
1734725842.243073,28
1734725842.355100,26
1734725842.464056,27
1734725842.578885,27
1734725842.693834,27
1734725842.802456,28
1734725842.909655,28
1734725843.017640,27
1734725843.121537,28
1734725843.230341,28
1734725843.339550,29
1734725843.453789,28
1734725843.563065,28
1734725843.670545,29
1734725843.777813,27
1734725843.882164,27
1734725843.994826,29
1734725844.105751,29
1734725844.214848,29
1734725844.323895,29
1734725844.438334,28
1734725844.546784,29
1734725844.656613,29
1734725844.764172,29
1734725844.872371,30
1734725844.990384,29
1734725845.098477,29
1734725845.203742,29
1734725845.311948,30
1734725845.419155,30
1734725845.525648,30
1734725845.635840,29
1734725845.755424,29
1734725845.861294,29
1734725845.972897,29
1734725846.078118,29
1734725846.184683,29
1734725846.291390,28
1734725846.400939,29
1734725846.509014,30
1734725846.618526,31
1734725846.725924,30
1734725846.840397,30
1734725846.946391,32
1734725847.054577,32
1734725847.174160,32
1734725847.281212,32
1734725847.384835,31
1734725847.489079,31
1734725847.593532,30
1734725847.703711,31
1734725847.814451,30
1734725847.925004,31
1734725848.039179,31
1734725848.145694,29
1734725848.251963,30
1734725848.377201,31
1734725848.534268,31
1734725848.653592,31
1734725848.769305,32
1734725848.879138,33
1734725848.995974,32
1734725849.121797,31
1734725849.279797,31
1734725849.392801,32
1734725849.510242,32
1734725849.623601,33
1734725849.772359,32
1734725849.878223,27
1734725849.992177,13
1734725850.101735,8
1734725850.216804,8
1734725850.326403,8
1734725850.492325,13
1734725850.624407,15
1734725850.790915,17
1734725850.894929,18
1734725851.012894,19
1734725851.128865,20
1734725851.238581,19
1734725851.356680,20
1734725851.510667,21
1734725851.623063,21
1734725851.731149,22
1734725851.837896,23
1734725851.944034,23
1734725852.058164,24
1734725852.170178,25
1734725852.279654,27
1734725852.397914,26
1734725852.503197,27
1734725852.612664,28
1734725852.720894,30
1734725852.835556,29
1734725852.951264,29
1734725853.058107,29
1734725853.172891,31
1734725853.281547,32
1734725853.389390,29
1734725853.502669,28
1734725853.620220,29
1734725853.735085,29
1734725853.842515,30
1734725853.952116,29
1734725854.060213,29
1734725854.171129,28
1734725854.284068,29
1734725854.391416,29
1734725854.496596,28
1734725854.602154,30
1734725854.715272,30
1734725854.822976,30
1734725854.945663,28
1734725855.072943,28
1734725855.180898,28
1734725855.290597,28
1734725855.397544,28
1734725855.506377,30
1734725855.612720,30
1734725855.720619,29
1734725855.827558,29
1734725855.933297,29
1734725856.039673,30
1734725856.146836,31
1734725856.259092,28
1734725856.365927,28
1734725856.481656,29
1734725856.585545,28
1734725856.692133,28
1734725856.802091,29
1734725856.907842,29
1734725857.014504,29
1734725857.125501,29
1734725857.259711,30
1734725857.379729,29
1734725857.498882,29
1734725857.611675,28
1734725857.716264,28
1734725857.824159,29
1734725857.936854,28
1734725858.043066,29
1734725858.151590,28
1734725858.263827,29
1734725858.374484,29
1734725858.483358,30
1734725858.596586,28
1734725858.700669,29
1734725858.810230,30
1734725858.918480,29
1734725859.037030,29
1734725859.142662,29
1734725859.250949,29
1734725859.358763,31
1734725859.467056,29
1734725859.577561,29
1734725859.682187,29
1734725859.789198,29
1734725859.893148,31
1734725860.000927,30
1734725860.109139,29
1734725860.216033,28
1734725860.323692,16
1734725860.429681,10
1734725860.537599,8
1734725860.645225,9
1734725860.750128,10
1734725860.864979,12
1734725860.969359,13
1734725861.074810,16
1734725861.180384,16
1734725861.290846,19
1734725861.399993,19
1734725861.509593,23
1734725861.616915,24
1734725861.726346,24
1734725861.831072,25
1734725861.936027,26
1734725862.045918,30
1734725862.156509,29
1734725862.264619,29
1734725862.369601,29
1734725862.476287,30
1734725862.583781,31
1734725862.690882,28
1734725862.794968,28
1734725862.899389,29
1734725863.003189,29
1734725863.107662,31
1734725863.212477,29
1734725863.332538,28
1734725863.441985,30
1734725863.555091,28
1734725863.667177,29
1734725863.781438,27
1734725863.888814,27
1734725863.997823,28
1734725864.112493,29
1734725864.222413,30
1734725864.327361,28
1734725864.433794,29
1734725864.539841,30
1734725864.647059,29
1734725864.753767,30
1734725864.859839,29
1734725864.965564,27
1734725865.075338,30
1734725865.183202,32
1734725865.290644,31
1734725865.399899,31
1734725865.506646,31
1734725865.616400,31
1734725865.728213,31
1734725865.841185,30
1734725865.945374,30
1734725866.055313,29
1734725866.163399,25
1734725866.269077,18
1734725866.376145,14
1734725866.485359,6
1734725866.598107,0
1734725866.708278,13
1734725866.814369,12
1734725866.919816,14
1734725867.024163,14
1734725867.132468,14
1734725867.237592,14
1734725867.345679,12
1734725867.457620,14
1734725867.566849,15
1734725867.678999,10
1734725867.786278,9
1734725867.891652,8
1734725868.009418,9
1734725868.118434,9
1734725868.236626,7
1734725868.352145,8
1734725868.467898,7
1734725868.613761,6
1734725868.719925,6
1734725868.846485,8
1734725868.952119,7
1734725869.065311,8
1734725869.176168,6
1734725869.283368,7
1734725869.393594,7
1734725869.500879,7
1734725869.608873,7
1734725869.717554,6
1734725869.825308,7
1734725869.930415,6
1734725870.039453,6
1734725870.145783,6
1734725870.255100,7
1734725870.364285,6
1734725870.470369,6
1734725870.577711,6
1734725870.689243,5
1734725870.799140,7
1734725870.903767,7
1734725871.007142,7
1734725871.112357,7
1734725871.217546,6
1734725871.328283,6
1734725871.436996,7
1734725871.541384,6
1734725871.663211,6
1734725871.773725,6
1734725871.878682,6
1734725871.999081,6
1734725872.107307,6
1734725872.218827,6
1734725872.325581,6
1734725872.432145,6
1734725872.545360,6
1734725872.660126,6
1734725872.798851,6
1734725872.921566,6
1734725873.028924,6
1734725873.139398,4
1734725873.255880,4
1734725873.368268,4
1734725873.480658,4
1734725873.594153,4
1734725873.708474,4
1734725873.830765,5
1734725873.940419,3
1734725874.045346,4
1734725874.173883,4
1734725874.282391,4
1734725874.403763,4
1734725874.523065,4
1734725874.639439,4
1734725874.744916,5
1734725874.850804,4
1734725874.958522,3
1734725875.066875,4
1734725875.170374,4
1734725875.277126,4
1734725875.391892,4
1734725875.498372,3
1734725875.605466,4
1734725875.722305,5
1734725875.828166,6
1734725875.947460,6
1734725876.059307,6
1734725876.163422,6
1734725876.275771,6
1734725876.385232,6
1734725876.489067,6
1734725876.601777,6
1734725876.709331,3
1734725876.818415,0
1734725876.922969,2
1734725877.040267,5
1734725877.148127,6
1734725877.253729,7
1734725877.377236,7
1734725877.485470,6
1734725877.600495,7
1734725877.704534,6
1734725877.812099,7
1734725877.917997,6
1734725878.028077,8
1734725878.135536,8
1734725878.239593,10
1734725878.352741,9
1734725878.461699,11
1734725878.567051,9
1734725878.672920,9
1734725878.788525,11
1734725878.892381,10
1734725878.997458,11
1734725879.102487,9
1734725879.210479,8
1734725879.314391,8
1734725879.423361,8
1734725879.529913,8
1734725879.636863,8
1734725879.749103,8
1734725879.853206,8
1734725879.961972,8
1734725880.070162,8
1734725880.178206,7
1734725880.285879,7
1734725880.389958,8
1734725880.497345,9
1734725880.605836,8
1734725880.713783,7
1734725880.821186,9
1734725880.938243,8
1734725881.044869,7
1734725881.153573,8
1734725881.260660,8
1734725881.364812,7
1734725881.469819,8
1734725881.573743,7
1734725881.684706,7
1734725881.792008,7
1734725881.896141,8
1734725882.004786,8
1734725882.122261,7
1734725882.240059,8
1734725882.351743,8
1734725882.457104,8
1734725882.565569,7
1734725882.675514,8
1734725882.780475,8
1734725882.887484,8
1734725882.994539,8
1734725883.113962,7
1734725883.224076,7
1734725883.334044,8
1734725883.442771,8
1734725883.549453,9
1734725883.653160,8
1734725883.774660,8
1734725883.891018,8
1734725883.996456,7
1734725884.109847,6
1734725884.229720,6
1734725884.348519,6
1734725884.452277,7
1734725884.594993,8
1734725884.709559,8
1734725884.820835,6
1734725884.925269,7
1734725885.048526,6
1734725885.161020,7
1734725885.271513,6
1734725885.381853,6
1734725885.487689,7
1734725885.623189,8
1734725885.727264,9
1734725885.834614,7
1734725885.941561,9
1734725886.048394,8
1734725886.155499,10
1734725886.275702,8
1734725886.382804,8
1734725886.492071,8
1734725886.597898,7
1734725886.711249,7
1734725886.819770,8
1734725886.928532,6
1734725887.043373,0
1734725887.159682,0
1734725887.268544,0
1734725887.382323,0
1734725887.492434,0
1734725887.596465,0
1734725887.714732,0
1734725887.824474,0
1734725887.928396,0
1734725888.046598,0
1734725888.152065,0
1734725888.263461,0
1734725888.369699,0
1734725888.486773,0
1734725888.594132,0
1734725888.740089,0
1734725888.849893,0
1734725888.955200,0
1734725889.064146,0
1734725889.173404,0
1734725889.278879,0
1734725889.390151,0
1734725889.494816,0
1734725889.603102,0
1734725889.707891,0
1734725889.817811,0
1734725889.922531,0
1734725890.045740,0
1734725890.156052,0
1734725890.270455,0
1734725890.389179,0
1734725890.502218,0
1734725890.650423,0
1734725890.755707,0
1734725890.860059,0
1734725890.985678,0
1734725891.096186,0
1734725891.317829,0
1734725891.424468,0
1734725891.536678,0
1734725891.644737,0
1734725891.750721,0
1734725891.857738,0
1734725891.973616,0
1734725892.082186,4
1734725892.195966,5
1734725892.312921,7
1734725892.424602,8
1734725892.531586,8
1734725892.636015,10
1734725892.747058,10
1734725892.857295,12
1734725892.966337,14
1734725893.074286,14
1734725893.187768,13
1734725893.302957,13
1734725893.425128,12
1734725893.538762,11
1734725893.651657,12
1734725893.799543,13
1734725893.905767,14
1734725894.022934,16
1734725894.131991,17
1734725894.242417,12
1734725894.352322,12
1734725894.466617,12
1734725894.574602,13
1734725894.678406,13
1734725894.785145,14
1734725894.892084,15
1734725895.010971,15
1734725895.121624,16
1734725895.228724,16
1734725895.340463,17
1734725895.451386,18
1734725895.569850,15
1734725895.682791,17
1734725895.791265,18
1734725895.897167,16
1734725896.010014,17
1734725896.114793,18
1734725896.221948,19
1734725896.332398,18
1734725896.449449,19
1734725896.556789,20
1734725896.678435,17
1734725896.790441,18
1734725896.897263,19
1734725897.016381,16
1734725897.123391,17
1734725897.230615,15
1734725897.338076,14
1734725897.450156,15
1734725897.557241,14
1734725897.667695,15
1734725897.787270,12
1734725897.893298,14
1734725897.997053,6
1734725898.116023,6
1734725898.222198,7
1734725898.334258,9
1734725898.452690,10
1734725898.565752,11
1734725898.696188,12
1734725898.837955,13
1734725898.954049,14
1734725899.075781,14
1734725899.183535,15
1734725899.296068,15
1734725899.412446,16
1734725899.530799,16
1734725899.652392,15
1734725899.761708,14
1734725899.865650,13
1734725899.980602,12
1734725900.097778,11
1734725900.203761,16
1734725900.319143,16
1734725900.430312,17
1734725900.555690,15
1734725900.665253,14
1734725900.790369,16
1734725900.894192,14
1734725901.000704,15
1734725901.294410,16
1734725901.408816,16
1734725901.561699,15
1734725901.674065,16
1734725901.780531,13
1734725901.887454,10
1734725902.007170,4
1734725902.115690,4
1734725902.227692,5
1734725902.342303,4
1734725902.463955,6
1734725902.571679,5
1734725902.676693,5
1734725902.789347,6
1734725902.894449,5
1734725903.001038,5
1734725903.105063,7
1734725903.220540,6
1734725903.330602,7
1734725903.445044,6
1734725903.563508,6
1734725903.674120,7
1734725903.792317,7
1734725903.896941,6
1734725904.004520,8
1734725904.113218,6
1734725904.220243,5
1734725904.332212,6
1734725904.447422,7
1734725904.558793,7
1734725904.662781,7
1734725904.782603,6
1734725904.893920,6
1734725904.997720,5
1734725905.101955,7
1734725905.208034,7
1734725905.318583,6
1734725905.425463,7
1734725905.532592,8
1734725905.642247,8
1734725905.749878,6
1734725905.858351,6
1734725905.979010,8
1734725906.095953,7
1734725906.208149,6
1734725906.331922,6
1734725906.443913,6
1734725906.554297,7
1734725906.658683,7
1734725906.776167,7
1734725906.883646,7
1734725906.989425,7
1734725907.106983,6
1734725907.229279,6
1734725907.336936,7
1734725907.457344,6
1734725907.581156,7
1734725907.695214,6
1734725907.801056,6
1734725907.905458,6
1734725908.010282,4
1734725908.131152,2
1734725908.242591,2
1734725908.352495,5
1734725908.471498,8
1734725908.590270,9
1734725908.706960,10
1734725908.823841,12
1734725908.948898,11
1734725909.061781,10
1734725909.179858,10
1734725909.300465,9
1734725909.410414,11
1734725909.523129,10
1734725909.638589,10
1734725909.753273,10
1734725909.865804,11
1734725909.984867,10
1734725910.096510,10
1734725910.208749,10
1734725910.321219,11
1734725910.426576,11
1734725910.540725,11
1734725910.661024,10
1734725910.774324,11
1734725910.881070,10
1734725911.004654,10
1734725911.121613,9
1734725911.230783,10
1734725911.335579,11
1734725911.451763,10
1734725911.571363,10
1734725911.681855,8
1734725911.791567,8
1734725911.895453,8
1734725912.000064,8
1734725912.119218,9
1734725912.231984,9
1734725912.345592,8
1734725912.453041,9
1734725912.570865,9
1734725912.681244,9
1734725912.802044,8
1734725912.907280,8
1734725913.018639,7
1734725913.135151,7
1734725913.247041,9
1734725913.359683,8
1734725913.473968,10
1734725913.590738,8
1734725913.704453,9
1734725913.827183,9
1734725913.939263,8
1734725914.059267,9
1734725914.186994,8
1734725914.327560,10
1734725914.452443,11
1734725914.570402,9
1734725914.684442,10
1734725914.806287,9
1734725914.912600,8
1734725915.026067,7
1734725915.132359,9
1734725915.238919,9
1734725915.358843,9
1734725915.465553,10
1734725915.570775,8
1734725915.677594,11
1734725915.785229,9
1734725915.889400,9
1734725916.005507,8
1734725916.110127,9
1734725916.220072,9
1734725916.327126,9
1734725916.432785,10
1734725916.543014,9
1734725916.648429,11
1734725916.758347,9
1734725916.863872,10
1734725916.968849,10
1734725917.076115,10
1734725917.182818,10
1734725917.298232,9
1734725917.408765,10
1734725917.515931,10
1734725917.624188,9
1734725917.728230,9
1734725917.832186,8
1734725917.937495,10
1734725918.047530,9
1734725918.157099,8
1734725918.265373,7
1734725918.371913,3
1734725918.481980,2
1734725918.595908,3
1734725918.700916,3
1734725918.818989,5
1734725918.923112,8
1734725919.028490,6
1734725919.134536,8
1734725919.240647,9
1734725919.345803,8
1734725919.454860,10
1734725919.563320,10
1734725919.671450,10
1734725919.776932,9
1734725919.880682,10
1734725919.988032,10
1734725920.095571,10
1734725920.205267,9
1734725920.312530,10
1734725920.418283,11
1734725920.524718,10
1734725920.632229,9
1734725920.745990,8
1734725920.850380,9
1734725920.957387,9
1734725921.069830,9
1734725921.188551,10
1734725921.299596,8
1734725921.411060,9
1734725921.519078,11
1734725921.628958,8
1734725921.737830,9
1734725921.849589,9
1734725921.956503,8
1734725922.075616,9
1734725922.182013,9
1734725922.288077,10
1734725922.394162,9
1734725922.509026,9
1734725922.616081,10
1734725922.724309,10
1734725922.832522,11
1734725922.940973,10
1734725923.047588,10
1734725923.154116,10
1734725923.265251,9
1734725923.375336,11
1734725923.480373,11
1734725923.587565,9
1734725923.700200,8
1734725923.810233,8
1734725923.922356,8
1734725924.032840,10
1734725924.144464,9
1734725924.260762,9
1734725924.373896,9
1734725924.484344,9
1734725924.589937,8
1734725924.700500,10
1734725924.810598,10
1734725924.914791,9
1734725925.032008,9
1734725925.150885,9
1734725925.264607,9
1734725925.381771,9
1734725925.497256,9
1734725925.621741,10
1734725925.746578,8
1734725925.855330,8
1734725925.974585,8
1734725926.086773,8
1734725926.199913,9
1734725926.317718,8
1734725926.430229,9
1734725926.543322,8
1734725926.654647,8
1734725926.768343,9
1734725926.875579,9
1734725926.984746,8
1734725927.093742,11
1734725927.207233,10
1734725927.318058,8
1734725927.427861,11
1734725927.539307,9
1734725927.657860,9
1734725927.778721,9
1734725927.883944,9
1734725927.993477,8
1734725928.115211,9
1734725928.226509,10
1734725928.343342,9
1734725928.453741,8
1734725928.564169,6
1734725928.676874,3
1734725928.791223,2
1734725928.894915,4
1734725929.004033,7
1734725929.113813,7
1734725929.226236,9
1734725929.340981,9
1734725929.457005,10
1734725929.565540,11
1734725929.676074,11
1734725929.795806,9
1734725929.902446,11
1734725930.011983,11
1734725930.119275,10
1734725930.229523,10
1734725930.345378,11
1734725930.459222,11
1734725930.577869,11
1734725930.693482,11
1734725930.810350,10
1734725930.927482,11
1734725931.036072,10
1734725931.142067,12
1734725931.251736,10
1734725931.366081,9
1734725931.474485,10
1734725931.584279,10
1734725931.692070,12
1734725931.800105,9
1734725931.905020,10
1734725932.011842,10
1734725932.117448,10
1734725932.227643,11
1734725932.337590,12
1734725932.446194,11
1734725932.566612,9
1734725932.672203,10
1734725932.776578,11
1734725932.883768,9
1734725932.999836,8
1734725933.110726,8
1734725933.216435,8
1734725933.323202,9
1734725933.431170,9
1734725933.537323,9
1734725933.642858,9
1734725933.746843,8
1734725933.852734,9
1734725933.957376,8
1734725934.061913,8
1734725934.169541,10
1734725934.274424,9
1734725934.382549,9
1734725934.493347,9
1734725934.601942,10
1734725934.709680,8
1734725934.818372,10
1734725934.922490,9
1734725935.036155,8
1734725935.144275,9
1734725935.248203,9
1734725935.355846,9
1734725935.465371,9
1734725935.572747,9
1734725935.682391,9
1734725935.792756,9
1734725935.898311,10
1734725936.003319,10
1734725936.119369,11
1734725936.225772,10
1734725936.329712,11
1734725936.446573,12
1734725936.557209,11
1734725936.667990,9
1734725936.772348,9
1734725936.877024,8
1734725936.991162,8
1734725937.097302,9
1734725937.205043,9
1734725937.311741,9
1734725937.431967,8
1734725937.537340,10
1734725937.641273,11
1734725937.745513,9
1734725937.859579,9
1734725937.968177,9
1734725938.072584,9
1734725938.177107,11
1734725938.286284,9
1734725938.400944,10
1734725938.510416,9
1734725938.626652,11
1734725938.734367,9
1734725938.839559,8
1734725938.956716,4
1734725939.076746,2
1734725939.183792,4
1734725939.290224,4
1734725939.397091,5
1734725939.506751,7
1734725939.615233,6
1734725939.724383,6
1734725939.839003,8
1734725939.944549,7
1734725940.058293,8
1734725940.166490,9
1734725940.276105,8
1734725940.393245,10
1734725940.509789,9
1734725940.626310,11
1734725940.745766,12
1734725940.913174,12
1734725941.257862,12
1734725941.380071,11
1734725941.486257,10
1734725941.667209,10
1734725941.806986,10
1734725941.911785,10
1734725942.019351,11
1734725942.129419,12
1734725942.242945,12
1734725942.355438,12
1734725942.460020,12
1734725942.574629,11
1734725942.684148,10
1734725942.795774,12
1734725942.899612,10
1734725943.016855,9
1734725943.128160,10
1734725943.238581,9
1734725943.355361,10
1734725943.462801,10
1734725943.618212,11
1734725943.731329,11
1734725943.838070,11
1734725943.955870,9
1734725944.117049,10
1734725944.225709,10
1734725944.344867,11
1734725944.457860,11
1734725944.566030,12
1734725944.684409,13
1734725944.852701,11
1734725944.957190,12
1734725945.072959,10
1734725945.182358,11
1734725945.299870,11
1734725945.411910,9
1734725945.527367,10
1734725945.640662,10
1734725945.754002,11
1734725945.858841,10
1734725945.988019,10
1734725946.119624,11
1734725946.242017,11
1734725946.353280,11
1734725946.477217,12
1734725946.586306,11
1734725946.717453,12
1734725946.865622,13
1734725946.978748,14
1734725947.088646,10
1734725947.202268,9
1734725947.311432,10
1734725947.423335,10
1734725947.529150,11
1734725947.636158,10
1734725947.742411,12
1734725947.847460,11
1734725947.955759,11
1734725948.067689,11
1734725948.173465,9
1734725948.283908,11
1734725948.405904,11
1734725948.510099,11
1734725948.614233,10
1734725948.722743,10
1734725948.834648,11
1734725948.961776,11
1734725949.080031,11
1734725949.240175,10
1734725949.351996,5
1734725949.477635,2
1734725949.596833,2
1734725949.718335,4
1734725949.842546,6
1734725949.952333,7
1734725950.089237,8
1734725950.230231,8
1734725950.336740,8
1734725950.449003,10
1734725950.562007,11
1734725950.671682,11
1734725950.781687,11
1734725950.886798,11
1734725950.995694,12
1734725951.118067,10
1734725951.239985,11
1734725951.347483,10
1734725951.467575,11
1734725951.594501,11
1734725951.725439,11
1734725951.833994,11
1734725951.959028,11
1734725952.080343,10
1734725952.188217,10
1734725952.302385,12
1734725952.415472,11
1734725952.524531,11
1734725952.634554,11
1734725952.744580,12
1734725952.848924,10
1734725952.973365,9
1734725953.089961,10
1734725953.200094,10
1734725953.310606,10
1734725953.424149,10
1734725953.536846,11
1734725953.651019,11
1734725953.766303,12
1734725953.910849,11
1734725954.020690,10
1734725954.131102,8
1734725954.242813,10
1734725954.362578,10
1734725954.482490,10
1734725954.593827,10
1734725954.710898,10
1734725954.824266,11
1734725954.929856,10
1734725955.049553,9
1734725955.166970,10
1734725955.284629,11
1734725955.399291,11
1734725955.510220,9
1734725955.621181,9
1734725955.740711,9
1734725955.852657,10
1734725955.960506,11
1734725956.069390,12
1734725956.187481,11
1734725956.296638,10
1734725956.407420,10
1734725956.520701,11
1734725956.628489,10
1734725956.758106,9
1734725956.866559,10
1734725956.970581,10
1734725957.086607,11
1734725957.196867,10
1734725957.303746,9
1734725957.411466,9
1734725957.516034,9
1734725957.621813,9
1734725957.727228,9
1734725957.832646,10
1734725957.948311,9
1734725958.057981,9
1734725958.181967,12
1734725958.300102,12
1734725958.404853,11
1734725958.512486,12
1734725958.616446,12
1734725958.720682,12
1734725958.832421,9
1734725958.938148,10
1734725959.044399,11
1734725959.167027,11
1734725959.275865,10
1734725959.388830,6
1734725959.514313,0
1734725959.642240,0
1734725959.747790,0
1734725959.929784,0
1734725960.046320,0
1734725960.206394,0
1734725960.313020,0
1734725960.418967,0
1734725960.537303,0
1734725960.653244,0
1734725960.759973,0
1734725960.864672,0
1734725960.969380,0
1734725961.078630,0
1734725961.184326,0
1734725961.299177,0
1734725961.406935,0
1734725961.526559,0
1734725961.633441,0
1734725961.744236,0
1734725961.851698,0
1734725961.960801,0
1734725962.072796,0
1734725962.180433,0
1734725962.286385,0
1734725962.394148,0
1734725962.501210,0
1734725962.606943,0
1734725962.713414,0
1734725962.819169,0
1734725962.923388,0
1734725963.037103,0
1734725963.156149,0
1734725963.264690,0
1734725963.373412,0
1734725963.489639,0
1734725963.604805,0
1734725963.719712,0
1734725963.836914,0
1734725963.944566,0
1734725964.053277,0
1734725964.160983,0
1734725964.270010,0
1734725964.379136,0
1734725964.492575,0
1734725964.607301,6
1734725964.723112,7
1734725964.839012,9
1734725964.944534,10
1734725965.051107,11
1734725965.165367,12
1734725965.286422,13
1734725965.405192,14
1734725965.525000,15
1734725965.644382,15
1734725965.764361,13
1734725965.875949,12
1734725965.981483,12
1734725966.101024,12
1734725966.218155,14
1734725966.336853,20
1734725966.451358,16
1734725966.563262,16
1734725966.676122,16
1734725966.788985,16
1734725966.907859,17
1734725967.013806,17
1734725967.120220,16
1734725967.239187,16
1734725967.351629,16
1734725967.480500,15
1734725967.588325,12
1734725967.696469,12
1734725967.800973,13
1734725967.905034,13
1734725968.008893,9
1734725968.114046,10
1734725968.220078,6
1734725968.324575,4
1734725968.428172,6
1734725968.532084,6
1734725968.636471,7
1734725968.742562,6
1734725968.855384,6
1734725968.959679,7
1734725969.075645,7
1734725969.181713,6
1734725969.298250,6
1734725969.411838,6
1734725969.518742,7
1734725969.623389,6
1734725969.734222,7
1734725969.839909,6
1734725969.954211,6
1734725970.061327,7
1734725970.181432,8
1734725970.287117,8
1734725970.397629,8
1734725970.511838,2
1734725970.618932,4
1734725970.734332,6
1734725970.839833,7
1734725970.959649,7
1734725971.067748,8
1734725971.199735,8
1734725971.317893,11
1734725971.431914,13
1734725971.537724,17
1734725971.644770,18
1734725971.754844,20
1734725971.859491,21
1734725971.966553,21
1734725972.085036,21
1734725972.193137,23
1734725972.310397,24
1734725972.420716,26
1734725972.525108,29
1734725972.641434,27
1734725972.747564,26
1734725972.852517,27
1734725972.958217,27
1734725973.068479,23
1734725973.186658,27
1734725973.291865,27
1734725973.399602,28
1734725973.509522,28
1734725973.617677,28
1734725973.721598,29
1734725973.825840,29
1734725973.932590,29
1734725974.041155,29
1734725974.150290,26
1734725974.259308,28
1734725974.365986,27
1734725974.478752,28
1734725974.586924,28
1734725974.694875,25
1734725974.834064,25
1734725975.051243,26
1734725975.239860,25
1734725975.363761,24
1734725975.486164,24
1734725975.612968,24
1734725975.724151,24
1734725975.832121,22
1734725975.956748,23
1734725976.067159,22
1734725976.182721,23
1734725976.295089,24
1734725976.456309,22
1734725976.567641,24
1734725976.672646,24
1734725976.779569,24
1734725976.888715,24
1734725976.993808,23
1734725977.099727,23
1734725977.211231,24
1734725977.318607,21
1734725977.431556,19
1734725977.539851,20
1734725977.651823,21
1734725977.762095,21
1734725977.867467,20
1734725977.983780,19
1734725978.104844,20
1734725978.211858,21
1734725978.322391,20
1734725978.436825,18
1734725978.542493,18
1734725978.657794,18
1734725978.765155,16
1734725978.869855,17
1734725978.986660,18
1734725979.104193,14
1734725979.210516,14
1734725979.315888,15
1734725979.426951,16
1734725979.541526,19
1734725979.647057,15
1734725979.756397,13
1734725979.868320,13
1734725979.976912,13
1734725980.094104,14
1734725980.200017,14
1734725980.310239,13
1734725980.424789,13
1734725980.554339,13
1734725980.670401,8
1734725980.775166,4
1734725980.879234,3
1734725980.996761,5
1734725981.105466,5
1734725981.215407,7
1734725981.321526,9
1734725981.430304,8
1734725981.541052,9
1734725981.650404,10
1734725981.758552,13
1734725981.865909,12
1734725981.970592,12
1734725982.075302,12
1734725982.183513,12
1734725982.290366,12
1734725982.396828,13
1734725982.503823,12
1734725982.621057,10
1734725982.735299,10
1734725982.842298,10
1734725982.948063,10
1734725983.056136,9
1734725983.174273,10
1734725983.285992,10
1734725983.400886,12
1734725983.519440,10
1734725983.624436,11
1734725983.729464,11
1734725983.835090,11
1734725983.942411,11
1734725984.052378,11
1734725984.181260,10
1734725984.298160,11
1734725984.437314,8
1734725984.542369,8
1734725984.647667,9
1734725984.754726,10
1734725984.875921,10
1734725984.992522,11
1734725985.113080,9
1734725985.225998,10
1734725985.336077,11
1734725985.446925,12
1734725985.569956,12
1734725985.678205,11
1734725985.793987,11
1734725985.901616,11
1734725986.016730,11
1734725986.125933,10
1734725986.447764,10
1734725986.593476,11
1734725986.711908,11
1734725986.853603,11
1734725986.979948,10
1734725987.105778,11
1734725987.211813,10
1734725987.330756,10
1734725987.458036,11
1734725987.597541,10
1734725987.765960,10
1734725987.887864,9
1734725988.038250,11
1734725988.152829,11
1734725988.261918,11
1734725988.368059,10
1734725988.487701,10
1734725988.616514,10
1734725988.735045,10
1734725988.861933,11
1734725989.073563,11
1734725989.188807,12
1734725989.304322,11
1734725989.430019,11
1734725989.552266,9
1734725989.673049,10
1734725989.789565,10
1734725989.897808,10
1734725990.017992,11
1734725990.128743,11
1734725990.238877,11
1734725990.342843,11
1734725990.458215,9
1734725990.571879,10
1734725990.696822,11
1734725990.804840,10
1734725990.914541,10
1734725991.033668,5
1734725991.139407,3
1734725991.259105,2
1734725991.367534,4
1734725991.483968,6
1734725991.608154,8
1734725991.723299,7
1734725991.836495,9
1734725991.941397,9
1734725992.051173,10
1734725992.167774,12
1734725992.278500,11
1734725992.389496,10
1734725992.501332,10
1734725992.615336,10
1734725992.732064,10
1734725992.842571,11
1734725992.960146,11
1734725993.078097,11
1734725993.194892,10
1734725993.306330,10
1734725993.421404,9
1734725993.528821,9
1734725993.644250,9
1734725993.760509,9
1734725993.865473,10
1734725993.994015,11
1734725994.104738,10
1734725994.213184,10
1734725994.319597,9
1734725994.425511,9
1734725994.529537,11
1734725994.635537,10
1734725994.744261,10
1734725994.850682,10
1734725994.969063,10
1734725995.090095,9
1734725995.207763,10
1734725995.322128,9
1734725995.442463,10
1734725995.562185,10
1734725995.669262,9
1734725995.780432,9
1734725995.885151,10
1734725996.001382,9
1734725996.111579,9
1734725996.217926,10
1734725996.326938,9
1734725996.436175,11
1734725996.545391,10
1734725996.649372,9
1734725996.769553,8
1734725996.873419,9
1734725996.981134,8
1734725997.088688,8
1734725997.195141,9
1734725997.303984,8
1734725997.411598,8
1734725997.524122,9
1734725997.640239,9
1734725997.750646,11
1734725997.866460,8
1734725997.983376,8
1734725998.094447,9
1734725998.205435,8
1734725998.323371,9
1734725998.431687,9
1734725998.539842,8
1734725998.647357,8
1734725998.752111,10
1734725998.860013,10
1734725998.978203,9
1734725999.089241,8
1734725999.200131,8
1734725999.315378,10
1734725999.428331,9
1734725999.532715,10
1734725999.647133,9
1734725999.763603,8
1734725999.876203,10
1734725999.984790,10
1734726000.094424,10
1734726000.206200,9
1734726000.318302,10
1734726000.456078,10
1734726000.585198,8
1734726000.712156,10
1734726000.855353,10
1734726000.967001,11
1734726001.075004,8
1734726001.182191,8
1734726001.292729,8
1734726001.407285,1
1734726001.514674,2
1734726001.626111,3
1734726001.737586,6
1734726001.844557,5
1734726001.948000,6
1734726002.058927,6
1734726002.172836,8
1734726002.287009,9
1734726002.392944,8
1734726002.498603,10
1734726002.617026,10
1734726002.726837,10
1734726002.838639,10
1734726002.957526,10
1734726003.074913,9
1734726003.187533,8
1734726003.299024,10
1734726003.410592,11
1734726003.518610,10
1734726003.634235,9
1734726003.753756,9
1734726003.880965,9
1734726003.986619,9
1734726004.095741,9
1734726004.208019,10
1734726004.315024,9
1734726004.434413,10
1734726004.543692,10
1734726004.659696,11
1734726004.771721,9
1734726004.876693,8
1734726005.045305,8
1734726005.155348,7
1734726005.278433,8
1734726005.398977,8
1734726005.517560,7
1734726005.651921,9
1734726005.767740,8
1734726005.876969,7
1734726005.982865,8
1734726006.088423,8
1734726006.202712,9
1734726006.311000,8
1734726006.419069,9
1734726006.529181,9
1734726006.635405,8
1734726006.740093,9
1734726006.847765,9
1734726006.956246,8
1734726007.070933,11
1734726007.178545,10
1734726007.283816,8
1734726007.399539,9
1734726007.521401,9
1734726007.631177,9
1734726007.740640,9
1734726007.851388,10
1734726007.964229,6
1734726008.077084,7
1734726008.183841,8
1734726008.289732,10
1734726008.397388,10
1734726008.503174,10
1734726008.621305,9
1734726008.726443,9
1734726008.831155,9
1734726008.940730,9
1734726009.049783,9
1734726009.160500,9
1734726009.266566,9
1734726009.380693,9
1734726009.487179,9
1734726009.594206,9
1734726009.703560,10
1734726009.823981,9
1734726009.936501,9
1734726010.046144,8
1734726010.155707,8
1734726010.263182,7
1734726010.369795,8
1734726010.476875,8
1734726010.584350,7
1734726010.697203,7
1734726010.811882,9
1734726010.929311,8
1734726011.036339,8
1734726011.141973,7
1734726011.248864,7
1734726011.353764,8
1734726011.458894,7
1734726011.566474,10
1734726011.673807,3
1734726011.779101,2
1734726011.884677,3
1734726011.990966,3
1734726012.112487,5
1734726012.221497,8
1734726012.332629,7
1734726012.440783,9
1734726012.554854,8
1734726012.664521,9
1734726012.778455,9
1734726012.892487,9
1734726013.002563,10
1734726013.110641,10
1734726013.217218,11
1734726013.325994,10
1734726013.433370,10
1734726013.542635,11
1734726013.656722,11
1734726013.770931,10
1734726013.875409,10
1734726013.985680,9
1734726014.093278,10
1734726014.199833,9
1734726014.306949,10
1734726014.412308,11
1734726014.524345,10
1734726014.637905,10
1734726014.749974,10
1734726014.859102,11
1734726014.966071,11
1734726015.072565,12
1734726015.193718,10
1734726015.300576,9
1734726015.405729,9
1734726015.516618,11
1734726015.634333,10
1734726015.744052,10
1734726015.853648,10
1734726015.965212,10
1734726016.078172,11
1734726016.197596,13
1734726016.303334,11
1734726016.416078,11
1734726016.524738,10
1734726016.639137,12
1734726016.758028,9
1734726016.862791,10
1734726016.978926,12
1734726017.088351,11
1734726017.208523,10
1734726017.318146,11
1734726017.426116,10
1734726017.534522,9
1734726017.654270,10
1734726017.758226,10
1734726017.866742,9
1734726017.975145,10
1734726018.088217,11
1734726018.201925,11
1734726018.312917,11
1734726018.429035,10
1734726018.534738,10
1734726018.647498,10
1734726018.758923,10
1734726018.868437,10
1734726018.983535,10
1734726019.104995,11
1734726019.217103,12
1734726019.331213,11
1734726019.443650,10
1734726019.550409,9
1734726019.661455,9
1734726019.772751,11
1734726019.877535,10
1734726019.985377,10
1734726020.092724,8
1734726020.205177,10
1734726020.312591,10
1734726020.421070,9
1734726020.529294,8
1734726020.643436,9
1734726020.755054,10
1734726020.868163,9
1734726020.988757,10
1734726021.099940,9
1734726021.220624,9
1734726021.328107,11
1734726021.447321,11
1734726021.555590,11
1734726021.674098,10
1734726021.783968,10
1734726021.891410,9
1734726021.998382,3
1734726022.107975,2
1734726022.224693,2
1734726022.332281,3
1734726022.454651,4
1734726022.565871,7
1734726022.671173,7
1734726022.783734,8
1734726022.895336,9
1734726023.013332,9
1734726023.128490,8
1734726023.240774,9
1734726023.346682,9
1734726023.461251,10
1734726023.606389,10
1734726023.712181,11
1734726023.825054,10
1734726023.930120,9
1734726024.052263,10
1734726024.194619,11
1734726024.320534,11
1734726024.471561,12
1734726024.579399,11
1734726024.688707,11
1734726024.794056,12
1734726024.904742,12
1734726025.012695,12
1734726025.120023,11
1734726025.226724,10
1734726025.332777,11
1734726025.443756,11
1734726025.551410,13
1734726025.659860,13
1734726025.763611,11
1734726025.884229,9
1734726025.993585,9
1734726026.115697,10
1734726026.233826,11
1734726026.345300,9
1734726026.459904,9
1734726026.570147,9
1734726026.687107,11
1734726026.795918,12
1734726026.901010,11
1734726027.010731,11
1734726027.121136,11
1734726027.226881,10
1734726027.333499,11
1734726027.440536,11
1734726027.553221,9
1734726027.668044,10
1734726027.775845,9
1734726027.880585,11
1734726027.988828,11
1734726028.097357,10
1734726028.210598,10
1734726028.323044,11
1734726028.430125,11
1734726028.539763,11
1734726028.656845,11
1734726028.762009,11
1734726028.873203,9
1734726028.980277,9
1734726029.091503,10
1734726029.205655,9
1734726029.319337,10
1734726029.445718,10
1734726029.560718,11
1734726029.670737,11
1734726029.781750,11
1734726029.890294,12
1734726029.996407,10
1734726030.106620,9
1734726030.213362,11
1734726030.330668,10
1734726030.440337,9
1734726030.549006,10
1734726030.659490,10
1734726030.768544,9
1734726030.877403,10
1734726030.987481,11
1734726031.097689,11
1734726031.205774,11
1734726031.314430,13
1734726031.420355,10
1734726031.533796,11
1734726031.640786,10
1734726031.747173,5
1734726031.852204,0
1734726031.958417,0
1734726032.063046,0
1734726032.168236,0
1734726032.274844,0
1734726032.379427,0
1734726032.517664,0
1734726032.626769,0
1734726032.732873,0
1734726032.837117,0
1734726032.941264,0
1734726033.051751,0
1734726033.161691,0
1734726033.268341,0
1734726033.383750,0
1734726033.492828,0
1734726033.597484,0
1734726033.705777,0
1734726033.819606,0
1734726033.924466,0
1734726034.032559,0
1734726034.141478,0
1734726034.247777,0
1734726034.354578,0
1734726034.459062,0
1734726034.566269,0
1734726034.673163,0
1734726034.780712,0
1734726034.885371,0
1734726034.994119,0
1734726035.098547,0
1734726035.205030,0
1734726035.322011,0
1734726035.430560,0
1734726035.537698,0
1734726035.647285,0
1734726035.753552,0
1734726035.878206,0
1734726035.997715,0
1734726036.113956,0
1734726036.223804,0
1734726036.331498,0
1734726036.448101,0
1734726036.556810,0
1734726036.668443,0
1734726036.775530,0
1734726036.937753,0
1734726037.074905,0
1734726037.192440,0
1734726037.299753,0
1734726037.421274,0
1734726037.526798,0
1734726037.636879,0
1734726037.756073,0
1734726037.866326,0
1734726037.970544,0
1734726038.081508,0
1734726038.187083,0
1734726038.297870,0
1734726038.414253,0
1734726038.563776,0
1734726038.674586,0
1734726038.792349,0
1734726038.898816,0
1734726039.006280,0
1734726039.117777,0
1734726039.236169,0
1734726039.364088,0
1734726039.496204,0
1734726039.610866,0
1734726039.717627,0
1734726039.824462,0
1734726039.932673,0
1734726040.041627,0
1734726040.151245,0
1734726040.258797,0
1734726040.368986,0
1734726040.479723,0
1734726040.587313,0
1734726040.696596,0
1734726040.806566,0
1734726040.912569,0
1734726041.033564,0
1734726041.144794,0
1734726041.249175,0
1734726041.416195,0
1734726041.624387,1
1734726041.774206,0
1734726041.906825,0
1734726042.034905,0
1734726042.142013,0
1734726042.266215,0
1734726042.436837,0
1734726042.568011,0
1734726042.680407,0
1734726042.790081,0
1734726042.899563,0
1734726043.012825,0
1734726043.165517,0
1734726043.298232,0
1734726043.405212,0
1734726043.514310,0
1734726043.637660,0
1734726043.756396,0
1734726043.921009,0
1734726044.048606,0
1734726044.173587,0
1734726044.281415,0
1734726044.406312,0
1734726044.514715,0
1734726044.624520,0
1734726044.749619,0
1734726044.857194,0
1734726044.968287,0
1734726045.142401,0
1734726045.263328,0
1734726045.377674,0
1734726045.500528,0
1734726045.639050,0
1734726045.762236,0
1734726045.879394,0
1734726046.041065,0
1734726046.167102,0
1734726046.286160,0
1734726046.407110,0
1734726046.547117,0
1734726046.715485,0
1734726046.829667,0
1734726046.938299,0
1734726047.051254,0
1734726047.163918,0
1734726047.276868,0
1734726047.391809,0
1734726047.496597,0
1734726047.618095,0
1734726047.728572,0
1734726047.836801,0
1734726047.943169,0
1734726048.054724,0
1734726048.175101,0
1734726048.308247,0
1734726048.424695,0
1734726048.529657,0
1734726048.652351,0
1734726048.761554,0
1734726048.868209,0
1734726048.987624,0
1734726049.093007,0
1734726049.200946,0
1734726049.309988,0
1734726049.417490,0
1734726049.523136,0
1734726049.629428,0
1734726049.736337,0
1734726049.841896,0
1734726049.951274,0
1734726050.072447,0
1734726050.185230,0
1734726050.292332,0
1734726050.398878,0
1734726050.504691,0
1734726050.620981,0
1734726050.730224,0
1734726050.837110,0
1734726050.953613,0
1734726051.062599,0
1734726051.170010,0
1734726051.279503,0
1734726051.385599,0
1734726051.491858,0
1734726051.596845,0
1734726051.703369,0
1734726051.836687,0
1734726051.948343,0
1734726052.055553,0
1734726052.212856,0
1734726052.346521,0
1734726052.460317,0
1734726052.572236,0
1734726052.676041,0
1734726052.788912,0
1734726052.894512,0
1734726052.999749,0
1734726053.121228,0
1734726053.236053,0
1734726053.350899,0
1734726053.478203,0
1734726053.583081,0
1734726053.695627,0
1734726053.842130,0
1734726053.991367,0
1734726054.119720,0
1734726054.247134,0
1734726054.370151,0
1734726054.499615,0
1734726054.610385,0
1734726054.715758,0
1734726054.825838,0
1734726054.930600,0
1734726055.038180,0
1734726055.145943,0
1734726055.253458,0
1734726055.361538,0
1734726055.468745,0
1734726055.580963,0
1734726055.692342,0
1734726055.797513,0
1734726055.907516,0
1734726056.016720,0
1734726056.123036,0
1734726056.238305,0
1734726056.345243,0
1734726056.460326,0
1734726056.571107,0
1734726056.683893,0
1734726056.789639,0
1734726056.894312,0
1734726057.004850,0
1734726057.111614,0
1734726057.220210,0
1734726057.326137,0
1734726057.448707,0
1734726057.566398,0
1734726057.710300,0
1734726057.837487,0
1734726057.942201,0
1734726058.062723,0
1734726058.194324,0
1734726058.299865,0
1734726058.406906,0
1734726058.517286,0
1734726058.624090,0
1734726058.734618,0
1734726058.842155,0
1734726058.951755,0
1734726059.056413,0
1734726059.167626,0
1734726059.276849,0
1734726059.382751,0
1734726059.505425,0
1734726059.615829,0
1734726059.722944,0
1734726059.831704,0
1734726059.938818,1
1734726060.047038,0
1734726060.163143,0
1734726060.279914,0
1734726060.386538,0
1734726060.492706,0
1734726060.603490,0
1734726060.710899,0
1734726060.819895,0
1734726060.939632,0
1734726061.051776,0
1734726061.164873,0
1734726061.277813,0
1734726061.387047,0
1734726061.501696,0
1734726061.612947,0
1734726061.723881,0
1734726061.833983,0
1734726061.938185,1
1734726062.044415,0
1734726062.157821,0
1734726062.271034,0
1734726062.380870,0
1734726062.487985,0
1734726062.594850,0
1734726062.703676,0
1734726062.817002,0
1734726062.923163,0
1734726063.037543,0
1734726063.145741,0
1734726063.256424,0
1734726063.363695,0
1734726063.475071,0
1734726063.589740,0
1734726063.695237,0
1734726063.804846,0
1734726063.909521,0
1734726064.014824,0
1734726064.119339,0
1734726064.226434,0
1734726064.335379,0
1734726064.441988,0
1734726064.552585,0
1734726064.659757,0
1734726064.771289,0
1734726064.875721,0
1734726064.984251,1
1734726065.088454,0
1734726065.198420,0
1734726065.307894,0
1734726065.473742,0
1734726065.578230,0
1734726065.718628,0
1734726065.827019,0
1734726065.932265,0
1734726066.036458,0
1734726066.142292,0
1734726066.254458,0
1734726066.363286,0
1734726066.488159,0
1734726066.594633,0
1734726066.704341,0
1734726066.814682,0
1734726066.922945,0
1734726067.044633,0
1734726067.149739,0
1734726067.255973,0
1734726067.363553,0
1734726067.472665,0
1734726067.582893,0
1734726067.699365,0
1734726067.826840,0
1734726067.932704,0
1734726068.045936,0
1734726068.156071,0
1734726068.263160,0
1734726068.369926,0
1734726068.481554,0
1734726068.592041,0
1734726068.700994,0
1734726068.815422,0
1734726068.934401,0
1734726069.052630,0
1734726069.158271,0
1734726069.278049,0
1734726069.396944,0
1734726069.508371,0
1734726069.622345,0
1734726069.737880,0
1734726069.842079,0
1734726069.946997,0
1734726070.052291,0
1734726070.157185,0
1734726070.265626,0
1734726070.372184,0
1734726070.479595,0
1734726070.590067,0
1734726070.695531,0
1734726070.808301,0
1734726070.913266,0
1734726071.018198,0
1734726071.124403,0
1734726071.230276,0
1734726071.335167,0
1734726071.440254,0
1734726071.551728,0
1734726071.657126,0
1734726071.763517,0
1734726071.867599,0
1734726071.972609,0
1734726072.090684,0
1734726072.201961,0
1734726072.308860,0
1734726072.412933,0
1734726072.518888,0
1734726072.623576,0
1734726072.731064,0
1734726072.836378,0
1734726072.940437,0
1734726073.053300,0
1734726073.162604,0
1734726073.275096,0
1734726073.387310,0
1734726073.493128,0
1734726073.599203,0
1734726073.707711,0
1734726073.815998,0
1734726073.921113,0
1734726074.037536,0
1734726074.145697,0
1734726074.259210,0
1734726074.363385,0
1734726074.473289,0
1734726074.578316,0
1734726074.689236,0
1734726074.797489,0
1734726074.903096,0
1734726075.009684,0
1734726075.116990,0
1734726075.224607,0
1734726075.341013,0
1734726075.447497,0
1734726075.555757,0
1734726075.661681,0
1734726075.771435,0
1734726075.876532,0
1734726075.981919,0
1734726076.088345,0
1734726076.193274,0
1734726076.297611,0
1734726076.403857,0
1734726076.512493,0
1734726076.626825,0
1734726076.743284,0
1734726076.853002,0
1734726076.961369,0
1734726077.065794,0
1734726077.186409,0
1734726077.301378,0
1734726077.417256,0
1734726077.532524,0
1734726077.652078,0
1734726077.780719,0
1734726077.895622,0
1734726078.010325,0
1734726078.127643,0
1734726078.242080,0
1734726078.356035,0
1734726078.471677,0
1734726078.587324,0
1734726078.701952,0
1734726078.818424,0
1734726078.932879,0
1734726079.048209,0
1734726079.167933,0
1734726079.283385,0
1734726079.397905,0
1734726079.512478,0
1734726079.619157,0
1734726079.734463,0
1734726079.849177,0
1734726079.964850,0
1734726080.081679,0
1734726080.200179,0
1734726080.315736,0
1734726080.431940,0
1734726080.550134,0
1734726080.660328,0
1734726080.781804,0
1734726080.897188,0
1734726081.012797,0
1734726081.121272,0
1734726081.238292,0
1734726081.355821,0
1734726081.465277,0
1734726081.584787,0
1734726081.704608,0
1734726081.821046,0
1734726081.942422,0
1734726082.056278,0
1734726082.170843,0
1734726082.288293,0
1734726082.403644,0
1734726082.520144,0
1734726082.635829,0
1734726082.742514,0
1734726082.851936,0
1734726082.968021,0
1734726083.092212,0
1734726083.207120,0
1734726083.328872,0
1734726083.449658,0
1734726083.564981,0
1734726083.712754,0
1734726083.826927,0
1734726083.984478,0
1734726084.123408,0
1734726084.239737,0
1734726084.355072,0
1734726084.476886,0
1734726084.594502,0
1734726084.710845,0
1734726084.815271,0
1734726084.929065,0
1734726085.043913,0
1734726085.158625,0
1734726085.273102,0
1734726085.388395,0
1734726085.502266,0
1734726085.617820,0
1734726085.732689,0
1734726085.842926,0
1734726085.959827,0
1734726086.078443,0
1734726086.193892,0
1734726086.317868,0
1734726086.433769,0
1734726086.550683,0
1734726086.668104,0
1734726086.782861,0
1734726086.892038,0
1734726087.010377,0
1734726087.126148,0
1734726087.239962,0
1734726087.357304,0
1734726087.477204,0
1734726087.590999,0
1734726087.704903,0
1734726087.822481,0
1734726087.933017,0
1734726088.062438,0
1734726088.178010,0
1734726088.296915,0
1734726088.412822,0
1734726088.529025,0
1734726088.648713,0
1734726088.768158,0
1734726088.888423,0
1734726088.992910,0
1734726089.110111,0
1734726089.226880,0
1734726089.347769,0
1734726089.467608,0
1734726089.583901,0
1734726089.703764,0
1734726089.821718,0
1734726089.942161,0
1734726090.047225,0
1734726090.163910,0
1734726090.284898,0
1734726090.405802,0
1734726090.522447,0
1734726090.639666,0
1734726090.757348,0
1734726090.878341,0
1734726090.996271,0
1734726091.101738,0
1734726091.219805,0
1734726091.336569,0
1734726091.456240,0
1734726091.575792,0
1734726091.691655,0
1734726091.815106,0
1734726091.932683,0
1734726092.048932,0
1734726092.156602,0
1734726092.272717,0
1734726092.391228,0
1734726092.507159,0
1734726092.622737,0
1734726092.803223,0
1734726092.950584,0
1734726093.118921,0
1734726093.223432,0
1734726093.342184,0
1734726093.457174,0
1734726093.573046,0
1734726093.687590,0
1734726093.804209,0
1734726093.927929,0
1734726094.045714,0
1734726094.160178,0
1734726094.264239,0
1734726094.378479,0
1734726094.493482,0
1734726094.607672,0
1734726094.723221,0
1734726094.837790,0
1734726094.952426,0
1734726095.066120,0
1734726095.180565,0
1734726095.288191,0
1734726095.404302,0
1734726095.518986,0
1734726095.632617,0
1734726095.749451,0
1734726095.868039,0
1734726095.984354,0
1734726096.098064,0
1734726096.213931,0
1734726096.328912,0
1734726096.444532,0
1734726096.563586,0
1734726096.681541,0
1734726096.797997,0
1734726096.913848,0
1734726097.029443,0
1734726097.144708,0
1734726097.270787,0
1734726097.375373,0
1734726097.489233,0
1734726097.603585,0
1734726097.722096,0
1734726097.836860,0
1734726098.028167,0
1734726098.145688,0
1734726098.260952,0
1734726098.380594,0
1734726098.497372,0
1734726098.613564,0
1734726098.732806,0
1734726098.849024,0
1734726098.973632,0
1734726099.086304,0
1734726099.204654,0
1734726099.319573,0
1734726099.431981,0
1734726099.546618,0
1734726099.661282,0
1734726099.776309,0
1734726099.890874,0
1734726100.007344,0
1734726100.120917,0
1734726100.235232,0
1734726100.349159,0
1734726100.458047,0
1734726100.573294,0
1734726100.688787,0
1734726100.802814,0
1734726100.906354,0
1734726101.019622,0
1734726101.134764,0
1734726101.249908,0
1734726101.363997,0
1734726101.479322,0
1734726101.587867,0
1734726101.704756,0
1734726101.821739,0
1734726101.935695,0
1734726102.052409,0
1734726102.171319,0
1734726102.294022,0
1734726102.408321,0
1734726102.524720,0
1734726102.631571,0
1734726102.745599,0
1734726102.859817,0
1734726102.981115,0
1734726103.095263,0
1734726103.217715,0
1734726103.333312,0
1734726103.447252,0
1734726103.561201,0
1734726103.666367,0
1734726103.780522,0
1734726103.894552,0
1734726104.008972,0
1734726104.124085,0
1734726104.239314,0
1734726104.354898,0
1734726104.469139,0
1734726104.587003,0
1734726104.691391,0
1734726104.805027,0
1734726104.919340,0
1734726105.033732,0
1734726105.147866,0
1734726105.265294,0
1734726105.381120,0
1734726105.495468,0
1734726105.609414,0
1734726105.719349,0
1734726105.824946,0
1734726105.938315,0
1734726106.042676,0
1734726106.148851,0
1734726106.253175,0
1734726106.366867,0
1734726106.482102,0
1734726106.596348,0
1734726106.711030,0
1734726106.816017,0
1734726106.920141,0
1734726107.034657,0
1734726107.154139,0
1734726107.271437,0
1734726107.388952,0
1734726107.504693,0
1734726107.624273,0
1734726107.735725,0
1734726107.855461,0
1734726107.974478,0
1734726108.090192,0
1734726108.206945,0
1734726108.324843,0
1734726108.445392,0
1734726108.560382,0
1734726108.681891,0
1734726108.798742,0
1734726108.914130,0
1734726109.028887,0
1734726109.144876,0
1734726109.260584,0
1734726109.370341,0
1734726109.484989,0
1734726109.599610,0
1734726109.710294,0
1734726109.834622,0
1734726109.950799,0
1734726110.067408,0
1734726110.242923,0
1734726110.408084,0
1734726110.527199,0
1734726110.643958,0
1734726110.805753,0
1734726110.960027,0
1734726111.112244,0
1734726111.240749,0
1734726111.354926,0
1734726111.478694,0
1734726111.624549,0
1734726111.776747,0
1734726111.892714,0
1734726112.003066,0
1734726112.118059,0
1734726112.240131,0
1734726112.359535,0
1734726112.478136,0
1734726112.599439,0
1734726112.715827,0
1734726112.836724,0
1734726112.952481,0
1734726113.065416,0
1734726113.180146,0
1734726113.295915,0
1734726113.409707,0
1734726113.523846,0
1734726113.638295,0
1734726113.752589,0
1734726113.867086,0
1734726113.982915,0
1734726114.095953,0
1734726114.209652,0
1734726114.325501,0
1734726114.438981,0
1734726114.553232,0
1734726114.667773,0
1734726114.783040,0
1734726114.888549,0
1734726115.003136,0
1734726115.119971,0
1734726115.227409,0
1734726115.341940,0
1734726115.456813,0
1734726115.571229,0
1734726115.685520,0
1734726115.799773,0
1734726115.921680,0
1734726116.037951,0
1734726116.161918,0
1734726116.271824,0
1734726116.454138,0
1734726116.577842,0
1734726116.691823,0
1734726116.821648,0
1734726116.929420,0
1734726117.071752,0
1734726117.216163,0
1734726117.323263,0
1734726117.489496,0
1734726117.613824,0
1734726117.832371,0
1734726117.946514,0
1734726118.073479,0
1734726118.227046,0
1734726118.341640,0
1734726118.490295,0
1734726118.628221,0
1734726118.748664,0
1734726118.869957,0
1734726118.985936,0
1734726119.102998,0
1734726119.217619,0
1734726119.331898,0
1734726119.446725,1
1734726119.566594,0
1734726119.682696,0
1734726119.797081,0
1734726119.911801,0
1734726120.025956,0
1734726120.141072,0
1734726120.256276,0
1734726120.361843,0
1734726120.475868,0
1734726120.591742,0
1734726120.707853,0
1734726120.822596,0
1734726120.937907,0
1734726121.052449,0
1734726121.166888,0
1734726121.281726,0
1734726121.426490,0
1734726121.540788,0
1734726121.661172,0
1734726121.778889,0
1734726121.884757,0
1734726122.005650,0
1734726122.125728,0
1734726122.241048,0
1734726122.356825,0
1734726122.470863,0
1734726122.594170,0
1734726122.711096,0
1734726122.829180,0
1734726122.943470,0
1734726123.057085,0
1734726123.172072,0
1734726123.287624,0
1734726123.403876,0
1734726123.518532,0
1734726123.632714,0
1734726123.747463,0
1734726123.864953,0
1734726123.980363,0
1734726124.096417,0
1734726124.214219,0
1734726124.328816,0
1734726124.445020,0
1734726124.551875,0
1734726124.666532,0
1734726124.771615,0
1734726124.887398,0
1734726125.001806,0
1734726125.116479,0
1734726125.230460,0
1734726125.346056,0
1734726125.461104,0
1734726125.565430,0
1734726125.680857,0
1734726125.798659,0
1734726125.912991,0
1734726126.027390,0
1734726126.143254,0
1734726126.258238,0
1734726126.371450,0
1734726126.485638,0
1734726126.589450,0
1734726126.703908,0
1734726126.819178,0
