1734733760.682131,0
1734733760.787488,13
1734733760.897756,22
1734733761.007128,28
1734733761.124515,36
1734733761.241916,43
1734733761.355503,52
1734733761.470653,60
1734733761.587071,69
1734733761.702587,78
1734733761.824650,86
1734733761.933352,97
1734733762.038528,100
1734733762.160358,100
1734733762.274518,100
1734733762.384770,100
1734733762.503637,100
1734733762.620512,100
1734733762.740208,100
1734733762.849030,100
1734733762.953906,100
1734733763.062527,99
1734733763.168109,100
1734733763.273849,100
1734733763.392393,100
1734733763.512912,100
1734733763.642282,98
1734733763.765903,100
1734733763.879516,99
1734733764.001320,100
1734733764.109199,100
1734733764.231883,100
1734733764.350643,100
1734733764.467905,100
1734733764.585717,100
1734733764.700399,100
1734733764.806172,100
1734733764.922767,100
1734733765.039778,100
1734733765.161831,99
1734733765.267520,99
1734733765.384449,99
1734733765.500999,100
1734733765.621071,100
1734733765.741548,100
1734733765.852688,100
1734733765.959740,100
1734733766.071235,100
1734733766.183549,100
1734733766.288091,100
1734733766.405223,100
1734733766.527973,98
1734733766.649013,99
1734733766.763576,100
1734733766.882674,100
1734733766.988328,100
1734733767.105833,100
1734733767.227871,100
1734733767.353981,99
1734733767.477247,99
1734733767.594967,100
1734733767.721215,100
1734733767.827929,100
1734733767.950385,100
1734733768.069200,100
1734733768.183379,100
1734733768.300139,99
1734733768.415551,100
1734733768.527444,100
1734733768.645925,99
1734733768.763885,100
1734733768.876911,100
1734733768.989627,100
1734733769.111722,95
1734733769.223441,89
1734733769.341107,82
1734733769.461143,78
1734733769.572893,78
1734733769.689214,75
1734733769.837218,77
1734733769.949675,78
1734733770.094535,78
1734733770.212059,78
1734733770.324676,78
1734733770.441192,78
1734733770.581082,78
1734733770.709778,78
1734733770.815140,76
1734733770.927880,75
1734733771.041858,75
1734733771.161427,74
1734733771.280415,73
1734733771.397471,69
1734733771.515077,71
1734733771.630530,70
1734733771.746111,70
1734733771.857737,70
1734733771.967548,67
1734733772.082169,66
1734733772.219881,65
1734733772.347674,65
1734733772.464195,66
1734733772.602522,66
1734733772.712114,66
1734733772.865998,67
1734733772.978510,67
1734733773.090736,68
1734733773.206619,68
1734733773.324769,67
1734733773.439407,67
1734733773.553549,66
1734733773.670173,65
1734733773.778881,65
1734733773.887945,65
1734733774.008326,64
1734733774.119433,65
1734733774.237531,65
1734733774.351711,64
1734733774.464067,66
1734733774.573076,65
1734733774.687254,67
1734733774.792042,67
1734733774.896997,67
1734733775.001268,67
1734733775.113432,67
1734733775.229944,65
1734733775.337951,64
1734733775.455529,65
1734733775.561322,65
1734733775.677443,65
1734733775.784736,66
1734733775.892944,66
1734733776.006142,65
1734733776.124033,65
1734733776.236968,66
1734733776.352336,66
1734733776.457381,66
1734733776.562369,67
1734733776.666151,67
1734733776.780673,67
1734733776.894976,67
1734733777.003801,67
1734733777.114014,67
1734733777.233363,67
1734733777.357932,67
1734733777.493124,67
1734733777.612963,68
1734733777.738180,68
1734733777.892973,67
1734733777.999725,67
1734733778.108740,68
1734733778.225415,68
1734733778.340911,69
1734733778.460362,69
1734733778.574903,69
1734733778.692206,67
1734733778.797846,68
1734733778.917118,67
1734733779.034189,67
1734733779.139351,67
1734733779.256277,68
1734733779.375671,69
1734733779.492876,69
1734733779.600878,69
1734733779.707884,68
1734733779.814645,68
1734733779.920305,69
1734733780.039216,68
1734733780.149146,68
1734733780.258447,69
1734733780.375852,68
1734733780.491215,69
1734733780.605920,69
1734733780.722808,69
1734733780.828625,69
1734733780.948025,69
1734733781.061757,69
1734733781.174520,69
1734733781.281366,68
1734733781.397966,68
1734733781.508737,69
1734733781.617569,69
1734733781.735166,70
1734733781.841462,70
1734733781.958822,70
1734733782.075963,70
1734733782.201229,70
1734733782.308150,70
1734733782.424300,70
1734733782.541871,70
1734733782.653924,69
1734733782.773693,71
1734733782.895908,72
1734733783.004083,72
1734733783.116509,72
1734733783.230534,72
1734733783.335971,72
1734733783.452270,72
1734733783.561736,72
1734733783.675187,73
1734733783.781217,74
1734733783.893619,74
1734733784.007821,74
1734733784.125976,74
1734733784.243059,73
1734733784.347991,73
1734733784.454391,73
1734733784.570954,74
1734733784.687015,75
1734733784.794593,75
1734733784.912750,74
1734733785.019542,75
1734733785.136988,75
1734733785.253634,75
1734733785.369699,74
1734733785.474849,73
1734733785.592855,73
1734733785.710390,75
1734733785.819265,75
1734733785.928977,75
1734733786.039291,75
1734733786.152617,75
1734733786.264351,75
1734733786.381275,75
1734733786.493652,74
1734733786.600371,75
1734733786.719260,76
1734733786.830911,77
1734733786.950878,77
1734733787.055363,77
1734733787.173317,77
1734733787.291456,77
1734733787.409771,77
1734733787.522817,76
1734733787.636990,76
1734733787.770150,77
1734733787.879147,77
1734733787.991973,77
1734733788.104268,77
1734733788.217491,77
1734733788.329847,77
1734733788.443032,76
1734733788.554376,77
1734733788.664745,77
1734733788.779528,79
1734733788.893893,79
1734733789.006596,79
1734733789.122420,79
1734733789.241575,79
1734733789.359712,78
1734733789.477375,79
1734733789.597781,79
1734733789.703800,79
1734733789.808540,79
1734733789.927508,79
1734733790.039756,80
1734733790.158715,80
1734733790.275563,80
1734733790.397867,80
1734733790.517645,81
1734733790.640606,80
1734733790.749752,80
1734733790.855918,80
1734733790.974172,80
1734733791.093605,80
1734733791.219243,80
1734733791.331654,80
1734733791.443130,81
1734733791.560131,81
1734733791.674654,81
1734733791.780800,81
1734733791.886856,81
1734733792.003132,81
1734733792.111540,85
1734733792.219374,85
1734733792.328009,84
1734733792.436252,84
1734733792.544960,84
1734733792.657000,84
1734733792.766385,85
1734733792.873382,85
1734733792.979872,85
1734733793.084852,86
1734733793.190081,84
1734733793.295343,84
1734733793.399921,84
1734733793.510113,84
1734733793.620357,84
1734733793.730197,84
1734733793.836130,83
1734733793.941159,83
1734733794.052160,83
1734733794.167664,83
1734733794.282040,83
1734733794.396963,84
1734733794.514594,85
1734733794.622452,85
1734733794.741217,85
1734733794.847337,85
1734733794.965578,85
1734733795.074805,85
1734733795.194823,84
1734733795.310729,85
1734733795.421449,86
1734733795.535018,86
1734733795.652325,87
1734733795.769821,86
1734733795.889894,86
1734733796.011835,86
1734733796.118150,86
1734733796.230216,86
1734733796.343433,86
1734733796.458362,87
1734733796.567202,86
1734733796.682252,88
1734733796.789673,88
1734733796.904757,87
1734733797.010062,87
1734733797.114972,87
1734733797.219135,87
1734733797.323600,87
1734733797.444157,87
1734733797.566896,88
1734733797.683000,89
1734733797.789143,89
1734733797.897148,89
1734733798.012890,89
1734733798.128312,89
1734733798.234390,89
1734733798.354022,88
1734733798.464367,88
1734733798.574819,88
1734733798.679591,89
1734733798.785624,89
1734733798.904477,89
1734733799.017115,90
1734733799.136609,90
1734733799.243971,90
1734733799.377567,89
1734733799.483084,90
1734733799.598418,90
1734733799.717365,91
1734733799.821485,91
1734733799.940898,90
1734733800.059590,89
1734733800.169330,90
1734733800.283276,90
1734733800.389469,90
1734733800.508140,90
1734733800.617678,90
1734733800.735729,89
1734733800.842567,89
1734733800.960278,90
1734733801.075957,90
1734733801.182750,90
1734733801.298074,90
1734733801.403352,92
1734733801.518804,92
1734733801.635413,92
1734733801.747915,92
1734733801.853244,92
1734733801.968426,92
1734733802.088070,92
1734733802.204309,92
1734733802.314300,92
1734733802.420656,92
1734733802.536715,92
1734733802.652178,92
1734733802.767940,92
1734733802.885400,92
1734733802.996935,92
1734733803.109105,92
1734733803.215739,93
1734733803.334353,92
1734733803.448541,92
1734733803.563233,92
1734733803.679906,92
1734733803.789391,93
1734733803.905569,94
1734733804.028614,95
1734733804.172619,95
1734733804.286201,95
1734733804.402299,95
1734733804.517991,95
1734733804.623131,95
1734733804.729485,95
1734733804.846058,95
1734733804.955033,94
1734733805.066435,92
1734733805.177238,91
1734733805.294386,88
1734733805.413524,86
1734733805.534009,87
1734733805.641479,88
1734733805.756484,86
1734733805.870128,83
1734733805.992123,82
1734733806.101089,81
1734733806.207908,78
1734733806.318544,77
1734733806.434003,77
1734733806.552968,76
1734733806.677820,77
1734733806.784030,77
1734733806.903238,78
1734733807.021994,76
1734733807.142779,76
1734733807.257127,81
1734733807.374764,80
1734733807.486407,80
1734733807.600668,80
1734733807.714436,81
1734733807.828046,81
1734733807.936098,81
1734733808.055983,81
1734733808.175409,81
1734733808.291403,83
1734733808.404611,84
1734733808.513913,85
1734733808.627564,86
1734733808.745126,86
1734733808.850657,86
1734733808.957936,86
1734733809.067406,86
1734733809.173252,86
1734733809.279848,85
1734733809.398992,86
1734733809.514500,87
1734733809.623070,87
1734733809.735084,87
1734733809.843087,88
1734733809.963233,87
1734733810.074667,87
1734733810.185549,87
1734733810.300128,87
1734733810.412367,87
1734733810.527779,88
1734733810.640393,88
1734733810.764422,88
1734733810.882770,87
1734733810.989682,87
1734733811.102310,88
1734733811.224113,88
1734733811.331061,89
1734733811.439529,89
1734733811.557105,89
1734733811.670513,89
1734733811.775780,89
1734733811.897059,89
1734733812.012901,89
1734733812.126283,89
1734733812.235239,89
1734733812.355134,89
1734733812.474271,90
1734733812.596005,90
1734733812.714662,90
1734733812.829482,90
1734733812.935131,89
1734733813.057603,91
1734733813.193159,91
1734733813.298742,92
1734733813.418230,92
1734733813.538471,92
1734733813.646997,92
1734733813.765627,92
1734733813.874849,90
1734733813.996418,92
1734733814.102997,88
1734733814.225906,89
1734733814.331340,89
1734733814.439596,88
1734733814.550496,89
1734733814.663852,89
1734733814.771384,89
1734733814.877857,89
1734733814.983555,89
1734733815.097747,89
1734733815.213346,88
1734733815.327395,89
1734733815.436251,89
1734733815.554237,90
1734733815.669677,90
1734733815.781389,91
1734733815.888757,91
1734733816.005186,91
1734733816.112645,90
1734733816.224839,91
1734733816.349528,91
1734733816.483632,90
1734733816.592802,91
1734733816.715923,90
1734733816.827667,91
1734733816.943831,91
1734733817.059469,91
1734733817.176851,91
1734733817.297473,91
1734733817.415738,92
1734733817.534070,91
1734733817.641719,91
1734733817.770402,91
1734733817.891682,91
1734733818.010918,91
1734733818.123961,93
1734733818.237726,93
1734733818.351115,93
1734733818.461081,94
1734733818.572596,93
1734733818.677734,94
1734733818.789117,93
1734733818.904319,93
1734733819.017318,93
1734733819.129033,94
1734733819.241971,93
1734733819.356385,95
1734733819.468988,94
1734733819.582345,95
1734733819.698991,95
1734733819.806398,95
1734733819.926223,94
1734733820.052354,94
1734733820.160344,95
1734733820.271338,95
1734733820.378140,95
1734733820.493697,94
1734733820.608655,94
1734733820.722885,95
1734733820.830195,94
1734733820.935947,95
1734733821.043365,95
1734733821.150939,95
1734733821.258409,95
1734733821.363925,96
1734733821.469222,96
1734733821.574523,96
1734733821.682134,96
1734733821.795142,96
1734733821.901684,97
1734733822.007698,97
1734733822.113392,97
1734733822.219221,97
1734733822.328808,97
1734733822.440708,97
1734733822.545364,97
1734733822.649743,97
1734733822.756321,97
1734733822.862500,97
1734733822.974290,97
1734733823.079416,96
1734733823.186659,96
1734733823.293096,97
1734733823.397552,97
1734733823.502320,99
1734733823.609758,98
1734733823.714889,98
1734733823.821120,99
1734733823.927266,98
1734733824.034571,98
1734733824.139426,98
1734733824.246431,98
1734733824.354270,99
1734733824.460331,98
1734733824.566421,98
1734733824.671769,98
1734733824.778383,98
1734733824.885718,98
1734733824.992671,98
1734733825.103021,98
1734733825.209828,98
1734733825.319450,98
1734733825.428702,98
1734733825.538047,98
1734733825.645632,98
1734733825.750842,98
1734733825.862081,98
1734733825.967403,99
1734733826.072508,99
1734733826.182592,100
1734733826.288160,100
1734733826.403809,100
1734733826.523705,100
1734733826.631963,99
1734733826.744155,99
1734733826.854706,99
1734733826.959232,99
1734733827.084071,100
1734733827.193932,100
1734733827.303708,100
1734733827.420381,100
1734733827.530018,100
1734733827.635041,100
1734733827.749015,99
1734733827.853652,99
1734733827.960333,99
1734733828.065441,98
1734733828.171699,98
1734733828.279386,98
1734733828.385484,98
1734733828.491719,98
1734733828.598055,98
1734733828.703112,99
1734733828.808535,99
1734733828.914193,99
1734733829.019803,98
1734733829.125244,94
1734733829.233134,86
1734733829.338838,80
1734733829.446717,80
1734733829.556348,79
1734733829.661505,74
1734733829.765965,71
1734733829.873478,64
1734733829.979793,62
1734733830.084564,62
1734733830.191758,62
1734733830.298096,62
1734733830.403854,61
1734733830.512228,62
1734733830.617854,61
1734733830.726065,63
1734733830.830511,63
1734733830.941648,64
1734733831.047001,64
1734733831.156669,64
1734733831.269303,63
1734733831.377296,62
1734733831.483614,62
1734733831.589271,63
1734733831.694608,64
1734733831.813205,63
1734733831.925569,63
1734733832.043668,63
1734733832.156856,64
1734733832.270537,64
1734733832.378188,65
1734733832.484724,65
1734733832.596395,66
1734733832.708930,66
1734733832.822103,66
1734733832.932302,66
1734733833.043576,65
1734733833.156131,64
1734733833.274151,66
1734733833.398722,66
1734733833.506161,66
1734733833.613797,66
1734733833.734119,66
1734733833.851233,66
1734733833.955589,66
1734733834.075930,65
1734733834.197531,66
1734733834.318608,67
1734733834.440032,67
1734733834.560951,67
1734733834.669960,68
1734733834.784003,68
1734733834.903939,65
1734733835.024945,63
1734733835.146134,62
1734733835.267294,62
1734733835.380675,62
1734733835.491484,60
1734733835.613107,54
1734733835.720633,48
1734733835.826136,48
1734733835.942766,49
1734733836.055068,50
1734733836.168633,49
1734733836.282377,48
1734733836.399012,52
1734733836.514054,52
1734733836.633351,52
1734733836.742534,52
1734733836.846920,52
1734733836.966367,53
1734733837.079902,56
1734733837.191125,56
1734733837.301137,56
1734733837.436033,56
1734733837.567071,57
1734733837.681820,56
1734733837.799335,58
1734733837.921817,59
1734733838.042435,58
1734733838.170868,59
1734733838.285111,59
1734733838.431576,59
1734733838.546087,59
1734733838.673563,60
1734733838.788666,61
1734733838.906456,60
1734733839.072154,61
1734733839.187763,60
1734733839.296129,61
1734733839.413652,61
1734733839.528758,61
1734733839.641047,62
1734733839.748186,62
1734733839.859337,61
1734733839.973113,61
1734733840.078716,61
1734733840.194664,61
1734733840.303394,61
1734733840.425442,61
1734733840.545982,63
1734733840.660613,63
1734733840.773502,62
1734733840.885998,62
1734733841.005767,62
1734733841.111734,63
1734733841.223578,63
1734733841.330491,62
1734733841.446539,63
1734733841.559542,63
1734733841.671984,64
1734733841.792408,64
1734733841.900226,64
1734733842.010260,64
1734733842.127684,63
1734733842.240692,62
1734733842.350246,63
1734733842.468353,63
1734733842.584509,63
1734733842.695653,65
1734733842.806323,65
1734733842.918621,65
1734733843.031305,64
1734733843.155282,65
1734733843.276640,65
1734733843.397263,66
1734733843.509249,66
1734733843.624323,66
1734733843.736275,65
1734733843.848995,66
1734733843.961611,65
1734733844.075795,66
1734733844.187807,66
1734733844.293389,65
1734733844.401235,65
1734733844.510604,66
1734733844.623910,67
1734733844.738197,66
1734733844.853488,67
1734733844.964648,68
1734733845.082996,68
1734733845.193936,68
1734733845.299865,68
1734733845.405746,68
1734733845.517174,68
1734733845.633082,68
1734733845.750500,69
1734733845.861376,66
1734733845.967826,68
1734733846.079765,69
1734733846.193568,69
1734733846.302007,69
1734733846.406927,70
1734733846.528315,70
1734733846.636728,70
1734733846.746583,70
1734733846.859873,70
1734733846.971735,70
1734733847.082294,71
1734733847.194523,71
1734733847.304298,71
1734733847.419374,71
1734733847.526779,70
1734733847.642723,70
1734733847.757968,71
1734733847.865234,71
1734733847.971197,71
1734733848.082093,72
1734733848.196148,72
1734733848.303496,73
1734733848.420917,73
1734733848.526212,73
1734733848.639235,73
1734733848.749966,73
1734733848.863438,72
1734733848.975298,72
1734733849.085140,73
1734733849.196620,73
1734733849.302861,73
1734733849.424663,73
1734733849.544761,73
1734733849.649715,73
1734733849.761177,73
1734733849.866415,73
1734733849.981832,73
1734733850.095440,72
1734733850.210778,73
1734733850.316191,74
1734733850.432551,73
1734733850.552201,73
1734733850.669768,74
1734733850.791377,75
1734733850.911942,75
1734733851.040100,74
1734733851.163583,74
1734733851.279019,76
1734733851.391017,76
1734733851.503483,75
1734733851.614979,76
1734733851.719706,76
1734733851.831366,75
1734733851.943812,75
1734733852.065361,75
1734733852.177774,75
1734733852.292674,76
1734733852.405505,76
1734733852.518718,77
1734733852.632292,76
1734733852.749138,75
1734733852.857738,76
1734733852.978698,77
1734733853.088929,77
1734733853.205885,77
1734733853.316062,79
1734733853.433178,79
1734733853.545103,78
1734733853.657577,78
1734733853.770515,78
1734733853.877546,78
1734733853.995665,78
1734733854.103535,78
1734733854.215231,78
1734733854.322144,78
1734733854.444044,78
1734733854.559464,79
1734733854.672885,80
1734733854.786698,80
1734733854.893056,80
1734733855.012518,79
1734733855.128393,79
1734733855.238975,79
1734733855.347002,79
1734733855.457310,79
1734733855.570716,78
1734733855.680257,79
1734733855.798335,80
1734733855.922808,81
1734733856.032051,80
1734733856.150155,80
1734733856.262105,79
1734733856.369683,80
1734733856.484213,80
1734733856.601520,80
1734733856.712685,80
1734733856.833454,81
1734733856.940829,82
1734733857.050786,82
1734733857.173508,81
1734733857.298871,81
1734733857.412823,81
1734733857.532228,81
1734733857.645113,81
1734733857.760384,82
1734733857.872548,82
1734733857.984389,81
1734733858.090852,81
1734733858.201975,81
1734733858.311064,81
1734733858.429723,81
1734733858.538999,82
1734733858.652509,82
1734733858.776225,82
1734733858.888002,83
1734733859.005720,83
1734733859.191706,83
1734733859.311086,84
1734733859.431947,84
1734733859.543357,84
1734733859.651858,84
1734733859.764638,84
1734733859.876856,78
1734733859.990030,72
1734733860.101736,69
1734733860.209718,69
1734733860.317193,67
1734733860.427250,66
1734733860.538306,67
1734733860.651717,67
1734733860.765954,67
1734733860.878170,66
1734733860.984072,63
1734733861.101647,63
1734733861.222699,62
1734733861.330098,61
1734733861.449300,62
1734733861.560406,63
1734733861.672121,63
1734733861.783701,61
1734733861.888721,67
1734733862.010792,67
1734733862.129256,67
1734733862.248231,68
1734733862.367942,67
1734733862.479664,68
1734733862.596594,69
1734733862.720719,72
1734733862.841291,71
1734733862.960518,71
1734733863.081287,71
1734733863.202868,72
1734733863.322747,72
1734733863.443909,71
1734733863.552475,72
1734733863.677541,72
1734733863.799446,73
1734733863.927618,74
1734733864.054219,74
1734733864.174331,74
1734733864.304237,74
1734733864.447941,73
1734733864.664487,75
1734733864.858663,76
1734733864.980288,76
1734733865.098967,77
1734733865.218511,77
1734733865.342947,76
1734733865.462295,77
1734733865.579580,77
1734733865.698232,77
1734733865.810195,76
1734733865.920383,76
1734733866.040631,76
1734733866.146874,76
1734733866.265664,75
1734733866.371917,72
1734733866.490643,65
1734733866.607172,57
1734733866.728753,49
1734733866.841679,42
1734733866.952790,39
1734733867.061117,40
1734733867.182831,34
1734733867.297526,27
1734733867.408457,19
1734733867.520114,19
1734733867.631878,16
1734733867.743408,16
1734733867.856036,15
1734733867.961537,16
1734733868.083419,17
1734733868.207176,17
1734733868.322148,17
1734733868.436716,17
1734733868.551522,17
1734733868.665954,17
1734733868.779531,18
1734733868.884412,18
1734733868.996154,19
1734733869.101594,19
1734733869.209780,19
1734733869.315382,20
1734733869.432100,20
1734733869.544817,20
1734733869.655953,20
1734733869.766291,20
1734733869.885648,21
1734733869.993368,21
1734733870.101321,21
1734733870.221470,22
1734733870.327327,20
1734733870.439108,22
1734733870.550802,22
1734733870.661240,22
1734733870.776635,22
1734733870.887791,22
1734733870.997996,22
1734733871.112278,23
1734733871.223541,23
1734733871.331910,23
1734733871.439317,23
1734733871.559097,24
1734733871.666769,25
1734733871.774751,25
1734733871.887284,24
1734733871.997540,24
1734733872.106764,24
1734733872.212640,23
1734733872.318417,15
1734733872.431562,8
1734733872.537046,7
1734733872.649284,11
1734733872.765612,12
1734733872.875698,12
1734733872.991006,12
1734733873.112647,13
1734733873.225818,14
1734733873.331512,14
1734733873.448846,14
1734733873.563383,15
1734733873.674814,15
1734733873.785921,14
1734733873.899981,15
1734733874.046070,17
1734733874.166310,17
1734733874.284734,18
1734733874.393113,17
1734733874.516187,18
1734733874.632507,18
1734733874.740597,17
1734733874.855121,18
1734733874.964947,18
1734733875.076777,18
1734733875.185993,18
1734733875.293456,18
1734733875.398352,19
1734733875.524791,20
1734733875.639705,20
1734733875.753178,20
1734733875.857888,20
1734733875.975751,21
1734733876.088730,21
1734733876.200511,21
1734733876.307377,21
1734733876.415878,20
1734733876.520893,21
1734733876.637733,21
1734733876.748158,21
1734733876.858889,22
1734733876.968390,22
1734733877.081650,22
1734733877.197140,23
1734733877.307572,22
1734733877.417694,23
1734733877.527732,23
1734733877.642905,23
1734733877.753132,23
1734733877.862026,24
1734733877.978242,25
1734733878.095092,24
1734733878.200975,24
1734733878.361306,25
1734733878.481042,19
1734733878.608976,11
1734733878.718591,4
1734733878.854668,11
1734733878.973047,12
1734733879.092327,13
1734733879.210178,13
1734733879.333146,13
1734733879.453612,14
1734733879.572618,14
1734733879.700127,15
1734733879.807978,15
1734733879.918540,15
1734733880.035535,16
1734733880.154613,16
1734733880.281087,16
1734733880.412484,16
1734733880.532143,18
1734733880.661914,18
1734733880.782631,17
1734733880.891264,16
1734733881.033256,17
1734733881.159779,18
1734733881.281094,19
1734733881.407069,19
1734733881.523318,19
1734733881.639772,19
1734733881.748269,20
1734733881.857837,20
1734733881.962766,20
1734733882.076792,20
1734733882.187789,20
1734733882.297810,21
1734733882.419068,20
1734733882.527601,21
1734733882.636522,19
1734733882.746402,20
1734733882.853334,22
1734733882.959333,22
1734733883.066637,22
1734733883.179118,22
1734733883.291175,22
1734733883.403327,22
1734733883.527964,23
1734733883.639974,23
1734733883.750128,23
1734733883.864032,23
1734733883.977881,23
1734733884.085812,24
1734733884.197370,25
1734733884.303302,25
1734733884.419479,25
1734733884.536401,25
1734733884.647251,21
1734733884.752629,15
1734733884.862107,8
1734733884.971666,0
1734733885.082356,9
1734733885.187634,12
1734733885.298669,14
1734733885.412021,13
1734733885.532422,13
1734733885.647580,14
1734733885.759155,14
1734733885.868847,11
1734733885.981472,4
1734733886.093298,0
1734733886.206565,0
1734733886.312764,0
1734733886.424194,0
1734733886.564768,0
1734733886.709210,0
1734733886.840162,0
1734733886.959454,0
1734733887.107401,0
1734733887.226800,0
1734733887.351586,0
1734733887.473767,0
1734733887.596403,0
1734733887.715972,0
1734733887.840379,0
1734733887.981874,0
1734733888.107351,0
1734733888.234751,0
1734733888.342687,0
1734733888.450854,0
1734733888.568935,0
1734733888.687954,0
1734733888.796801,0
1734733888.915179,0
1734733889.029927,0
1734733889.144443,0
1734733889.257497,0
1734733889.367213,0
1734733889.477066,0
1734733889.582123,0
1734733889.698163,0
1734733889.811610,0
1734733889.926025,0
1734733890.035790,0
1734733890.144388,0
1734733890.253723,0
1734733890.366041,0
1734733890.482958,0
1734733890.587862,0
1734733890.700759,0
1734733890.813533,0
1734733890.918788,0
1734733891.037920,0
1734733891.151531,11
1734733891.265579,12
1734733891.374009,13
1734733891.499629,14
1734733891.608383,13
1734733891.714262,15
1734733891.823354,14
1734733891.943069,15
1734733892.056942,14
1734733892.182690,15
1734733892.296494,16
1734733892.418859,15
1734733892.533442,16
1734733892.648901,16
1734733892.755776,17
1734733892.863927,18
1734733892.981977,18
1734733893.102888,18
1734733893.273063,17
1734733893.396965,20
1734733893.508076,20
1734733893.618624,19
1734733893.733773,19
1734733893.839637,20
1734733893.958007,20
1734733894.069908,20
1734733894.181583,20
1734733894.307804,19
1734733894.414756,20
1734733894.525418,21
1734733894.638916,21
1734733894.754756,21
1734733894.859873,21
1734733894.973876,22
1734733895.089068,21
1734733895.199264,22
1734733895.305086,22
1734733895.422218,22
1734733895.532907,22
1734733895.651421,22
1734733895.764538,23
1734733895.875684,24
1734733895.983466,23
1734733896.100914,23
1734733896.209739,24
1734733896.318020,24
1734733896.429404,24
1734733896.541004,25
1734733896.653591,25
1734733896.764959,22
1734733896.882325,14
1734733896.987309,8
1734733897.092373,7
1734733897.203876,11
1734733897.314917,13
1734733897.425686,13
1734733897.536394,13
1734733897.648417,13
1734733897.759906,14
1734733897.872022,14
1734733897.982128,14
1734733898.093077,14
1734733898.220926,15
1734733898.336250,15
1734733898.456317,15
1734733898.569452,17
1734733898.681550,17
1734733898.793089,16
1734733898.906831,16
1734733899.029757,18
1734733899.171487,18
1734733899.348013,18
1734733899.482131,19
1734733899.678252,18
1734733899.809633,17
1734733899.965649,19
1734733900.078397,19
1734733900.187691,20
1734733900.300380,19
1734733900.415587,19
1734733900.535885,19
1734733900.648918,19
1734733900.806078,21
1734733900.949088,21
1734733901.087055,21
1734733901.197988,21
1734733901.303082,20
1734733901.420769,21
1734733901.534152,21
1734733901.646479,22
1734733901.757615,22
1734733901.869113,22
1734733901.980674,22
1734733902.092384,22
1734733902.205465,22
1734733902.311403,23
1734733902.431725,23
1734733902.543262,23
1734733902.654060,24
1734733902.774628,23
1734733902.885955,23
1734733903.005944,24
1734733903.120154,25
1734733903.237775,25
1734733903.343573,25
1734733903.454595,24
1734733903.568263,21
1734733903.679921,13
1734733903.793183,6
1734733903.901385,6
1734733904.019271,12
1734733904.126390,13
1734733904.235251,12
1734733904.343130,14
1734733904.448446,14
1734733904.558018,15
1734733904.668918,15
1734733904.780485,16
1734733904.892195,16
1734733905.003216,15
1734733905.113545,16
1734733905.225004,16
1734733905.329652,16
1734733905.446344,16
1734733905.551263,17
1734733905.666846,17
1734733905.778802,17
1734733905.891058,18
1734733906.002659,18
1734733906.115234,18
1734733906.230174,19
1734733906.341722,18
1734733906.463702,18
1734733906.569846,19
1734733906.682653,19
1734733906.800727,18
1734733906.911209,20
1734733907.022715,20
1734733907.130383,21
1734733907.242217,21
1734733907.354849,21
1734733907.463169,21
1734733907.576428,21
1734733907.682266,22
1734733907.795740,22
1734733907.907845,22
1734733908.027787,22
1734733908.154081,23
1734733908.268190,22
1734733908.379646,23
1734733908.492976,23
1734733908.605059,23
1734733908.712314,23
1734733908.828139,23
1734733908.939213,23
1734733909.048735,24
1734733909.161479,24
1734733909.266957,25
1734733909.376495,25
1734733909.488437,25
1734733909.605697,18
1734733909.715244,10
1734733909.825402,0
1734733909.943551,11
1734733910.054009,11
1734733910.168741,12
1734733910.284374,13
1734733910.401062,13
1734733910.517312,14
1734733910.632825,14
1734733910.745628,13
1734733910.853836,15
1734733910.964045,15
1734733911.085055,15
1734733911.224414,17
1734733911.331401,17
1734733911.449566,16
1734733911.559297,17
1734733911.672519,17
1734733911.783978,17
1734733911.888819,17
1734733912.005337,17
1734733912.122235,17
1734733912.232937,19
1734733912.338755,19
1734733912.454386,19
1734733912.568424,19
1734733912.707601,20
1734733912.822273,20
1734733912.928598,19
1734733913.047389,20
1734733913.156039,19
1734733913.267850,21
1734733913.380595,20
1734733913.492325,21
1734733913.611826,21
1734733913.723416,21
1734733913.834479,22
1734733913.947542,22
1734733914.058177,22
1734733914.175810,22
1734733914.290072,22
1734733914.405285,22
1734733914.521639,23
1734733914.633392,23
1734733914.744915,23
1734733914.851686,23
1734733914.966913,23
1734733915.075511,24
1734733915.184567,23
1734733915.293887,24
1734733915.399287,24
1734733915.509632,25
1734733915.616724,21
1734733915.726286,15
1734733915.833596,8
1734733915.939203,7
1734733916.049691,11
1734733916.156412,12
1734733916.261935,13
1734733916.367074,13
1734733916.479324,13
1734733916.591351,14
1734733916.701968,14
1734733916.811878,14
1734733916.923092,14
1734733917.032024,15
1734733917.174695,16
1734733917.298678,16
1734733917.444531,15
1734733917.566085,16
1734733917.695553,16
1734733917.816329,15
1734733917.941678,17
1734733918.065374,17
1734733918.183268,17
1734733918.312965,19
1734733918.428944,19
1734733918.545618,19
1734733918.665483,18
1734733918.787817,19
1734733918.942588,20
1734733919.066766,20
1734733919.235254,21
1734733919.358393,21
1734733919.465401,20
1734733919.583438,22
1734733919.709668,21
1734733919.831883,21
1734733919.951733,21
1734733920.090335,20
1734733920.220377,22
1734733920.333889,22
1734733920.452343,22
1734733920.562599,22
1734733920.672863,22
1734733920.793008,22
1734733920.920591,23
1734733921.035218,22
1734733921.158054,23
1734733921.279798,23
1734733921.393231,23
1734733921.507083,24
1734733921.616613,24
1734733921.721277,23
1734733921.834727,24
1734733921.945040,24
1734733922.061602,19
1734733922.190602,12
1734733922.307163,4
1734733922.419856,11
1734733922.539403,12
1734733922.674222,13
1734733922.785662,14
1734733922.891573,14
1734733923.012707,15
1734733923.130619,14
1734733923.251661,14
1734733923.367051,15
1734733923.480322,15
1734733923.602629,15
1734733923.725828,15
1734733923.855726,16
1734733923.964262,16
1734733924.086377,17
1734733924.208295,17
1734733924.336400,18
1734733924.464660,17
1734733924.586838,19
1734733924.707284,17
1734733924.830173,18
1734733924.944841,18
1734733925.059086,20
1734733925.182637,19
1734733925.305123,20
1734733925.424744,20
1734733925.540503,18
1734733925.701609,22
1734733925.831526,22
1734733925.948514,22
1734733926.056136,21
1734733926.163159,21
1734733926.274549,21
1734733926.397810,21
1734733926.532697,21
1734733926.656521,22
1734733926.777809,22
1734733926.899328,21
1734733927.020160,23
1734733927.258445,24
1734733927.491953,24
1734733927.607154,24
1734733927.721043,23
1734733927.834017,24
1734733927.954191,24
1734733928.113327,25
1734733928.229042,26
1734733928.343835,26
1734733928.486185,26
1734733928.647333,25
1734733928.770931,22
1734733928.890555,16
1734733929.005136,8
1734733929.114662,3
1734733929.227310,11
1734733929.333528,11
1734733929.442889,13
1734733929.556810,13
1734733929.670108,13
1734733929.788832,13
1734733929.921685,14
1734733930.043085,9
1734733930.165570,0
1734733930.292538,0
1734733930.402284,0
1734733930.514403,0
1734733930.627493,0
1734733930.743061,0
1734733930.858657,0
1734733930.972555,0
1734733931.079234,0
1734733931.188132,0
1734733931.297512,0
1734733931.405112,0
1734733931.510514,0
1734733931.615742,0
1734733931.732182,0
1734733931.843315,0
1734733931.956160,0
1734733932.065410,1
1734733932.175366,0
1734733932.286490,0
1734733932.399535,0
1734733932.515409,0
1734733932.625600,0
1734733932.730815,0
1734733932.836816,0
1734733932.945904,0
1734733933.054783,0
1734733933.164104,0
1734733933.276172,0
1734733933.390224,0
1734733933.502811,0
1734733933.615115,0
1734733933.723121,0
1734733933.829240,0
1734733933.939195,0
1734733934.048038,1
1734733934.156918,0
1734733934.266906,0
1734733934.381435,0
1734733934.499121,0
1734733934.615306,0
1734733934.729961,0
1734733934.838235,0
1734733934.955451,0
1734733935.071940,0
1734733935.184454,0
1734733935.303118,12
1734733935.415245,11
1734733935.536238,13
1734733935.653621,13
1734733935.761670,13
1734733935.870121,14
1734733935.980763,14
1734733936.092506,14
1734733936.205633,15
1734733936.316712,15
1734733936.435911,16
1734733936.552857,17
1734733936.667576,16
1734733936.783881,16
1734733936.892262,16
1734733937.004474,16
1734733937.122625,16
1734733937.242185,17
1734733937.353868,17
1734733937.466802,18
1734733937.581837,19
1734733937.696378,19
1734733937.827888,18
1734733937.941241,19
1734733938.049955,19
1734733938.173657,19
1734733938.297803,20
1734733938.417732,20
1734733938.532248,21
1734733938.651733,20
1734733938.760565,21
1734733938.872784,21
1734733938.983633,20
1734733939.098343,22
1734733939.216145,22
1734733939.324961,22
1734733939.435913,22
1734733939.545109,22
1734733939.653980,23
1734733939.764772,23
1734733939.875342,23
1734733939.983525,23
1734733940.096455,23
1734733940.202636,23
1734733940.314140,24
1734733940.423753,24
1734733940.533699,24
1734733940.646833,24
1734733940.753735,25
1734733940.859708,25
1734733940.969805,18
1734733941.078518,11
1734733941.186179,5
1734733941.303205,11
1734733941.413995,12
1734733941.524782,13
1734733941.641493,13
1734733941.750455,13
1734733941.866976,14
1734733941.986012,13
1734733942.104369,14
1734733942.211457,13
1734733942.320656,15
1734733942.427503,15
1734733942.537694,15
1734733942.652429,16
1734733942.757550,16
1734733942.872111,16
1734733942.977654,17
1734733943.112716,17
1734733943.219770,17
1734733943.325320,17
1734733943.431127,18
1734733943.541050,19
1734733943.649056,19
1734733943.755666,19
1734733943.862956,19
1734733943.968124,19
1734733944.075264,20
1734733944.189004,20
1734733944.298200,20
1734733944.405888,20
1734733944.515365,20
1734733944.620123,21
1734733944.729145,21
1734733944.846953,21
1734733944.955170,21
1734733945.061455,21
1734733945.174228,22
1734733945.295908,22
1734733945.414452,22
1734733945.529029,23
1734733945.643533,22
1734733945.757535,23
1734733945.877043,22
1734733945.991215,23
1734733946.106008,23
1734733946.211730,23
1734733946.321012,22
1734733946.429192,24
1734733946.545132,24
1734733946.663264,24
1734733946.781664,25
1734733946.889139,25
1734733946.995391,20
1734733947.118307,13
1734733947.241170,5
1734733947.352139,10
1734733947.460979,13
1734733947.577940,12
1734733947.684459,13
1734733947.806158,14
1734733947.934294,14
1734733948.058420,15
1734733948.178600,15
1734733948.301576,14
1734733948.423864,15
1734733948.542902,15
1734733948.666692,15
1734733948.775323,16
1734733948.887182,16
1734733949.000525,16
1734733949.117955,17
1734733949.231570,17
1734733949.346482,17
1734733949.457385,17
1734733949.563195,19
1734733949.677876,18
1734733949.793917,19
1734733949.900272,19
1734733950.016375,18
1734733950.138689,19
1734733950.255336,19
1734733950.364136,19
1734733950.477290,20
1734733950.587445,21
1734733950.697536,21
1734733950.808135,21
1734733950.913141,21
1734733951.030176,21
1734733951.142733,21
1734733951.254333,22
1734733951.364479,22
1734733951.488006,22
1734733951.599818,22
1734733951.717050,22
1734733951.827626,23
1734733951.942690,23
1734733952.066439,23
1734733952.180097,23
1734733952.295894,23
1734733952.409249,24
1734733952.515907,25
1734733952.633507,25
1734733952.747545,25
1734733952.858920,24
1734733952.987038,19
1734733953.101546,12
1734733953.223582,4
1734733953.329058,11
1734733953.443952,11
1734733953.551538,13
1734733953.671527,13
1734733953.785272,13
1734733953.890419,14
1734733954.005138,14
1734733954.111051,14
1734733954.218073,14
1734733954.330983,15
1734733954.444011,14
1734733954.552119,15
1734733954.665637,16
1734733954.783886,17
1734733954.896417,17
1734733955.009267,17
1734733955.118232,18
1734733955.238286,18
1734733955.355840,17
1734733955.469864,17
1734733955.578021,18
1734733955.698049,18
1734733955.812752,19
1734733955.923509,19
1734733956.037793,19
1734733956.148081,20
1734733956.265267,20
1734733956.377635,20
1734733956.490068,20
1734733956.601849,19
1734733956.713685,21
1734733956.826807,20
1734733956.938355,20
1734733957.052165,21
1734733957.164001,21
1734733957.269497,22
1734733957.374994,22
1734733957.491071,22
1734733957.608250,21
1734733957.720266,22
1734733957.831112,23
1734733957.941347,23
1734733958.054309,23
1734733958.166265,23
1734733958.279424,23
1734733958.386958,23
1734733958.494818,25
1734733958.611296,25
1734733958.724567,24
1734733958.836689,25
1734733958.952446,24
1734733959.064324,17
1734733959.175037,10
1734733959.290001,0
1734733959.394541,10
1734733959.502723,12
1734733959.619775,14
1734733959.727935,14
1734733959.839776,14
1734733959.954374,14
1734733960.059798,15
1734733960.172407,16
1734733960.283215,16
1734733960.397637,15
1734733960.502566,15
1734733960.620176,16
1734733960.734887,16
1734733960.845041,15
1734733960.949111,16
1734733961.062592,17
1734733961.179365,18
1734733961.298167,18
1734733961.416783,17
1734733961.545915,17
1734733961.651842,18
1734733961.772048,18
1734733961.892656,19
1734733962.019729,20
1734733962.142328,19
1734733962.267228,19
1734733962.388612,20
1734733962.510557,20
1734733962.634271,21
1734733962.744984,21
1734733962.865748,21
1734733963.044868,21
1734733963.270387,21
1734733963.389123,21
1734733963.511891,21
1734733963.631635,22
1734733963.758795,22
1734733963.867663,22
1734733963.992038,22
1734733964.113609,23
1734733964.241182,23
1734733964.363044,23
1734733964.492728,23
1734733964.618529,23
1734733964.767387,25
1734733964.877826,25
1734733964.985468,25
1734733965.102103,25
1734733965.219305,25
1734733965.340481,19
1734733965.457155,12
1734733965.580401,4
1734733965.703575,9
1734733965.832088,11
1734733965.952423,13
1734733966.063519,13
1734733966.178373,13
1734733966.298630,14
1734733966.417575,13
1734733966.537115,14
1734733966.660418,15
1734733966.778952,15
1734733966.897069,15
1734733967.016584,16
1734733967.139629,16
1734733967.248571,16
1734733967.368563,17
1734733967.489773,17
1734733967.614527,18
1734733967.732651,17
1734733967.854896,17
1734733967.973335,17
1734733968.094693,18
1734733968.226516,19
1734733968.341614,19
1734733968.468318,20
1734733968.590911,20
1734733968.710797,20
1734733968.857852,19
1734733968.982943,20
1734733969.103498,21
1734733969.226870,21
1734733969.353030,21
1734733969.460094,21
1734733969.572515,21
1734733969.685125,21
1734733969.801511,22
1734733969.917817,22
1734733970.033426,22
1734733970.151040,22
1734733970.263666,22
1734733970.383747,22
1734733970.489832,23
1734733970.596975,23
1734733970.710558,23
1734733970.822709,23
1734733970.933084,23
1734733971.045030,24
1734733971.158811,24
1734733971.272832,24
1734733971.384720,24
1734733971.494998,24
1734733971.600574,22
1734733971.722512,16
1734733971.838152,9
1734733971.949292,0
1734733972.056649,10
1734733972.171686,12
1734733972.281202,14
1734733972.387157,14
1734733972.498068,14
1734733972.604581,15
1734733972.722209,14
1734733972.832975,11
1734733972.943321,5
1734733973.052630,0
1734733973.162705,0
1734733973.271522,0
1734733973.383358,0
1734733973.493258,0
1734733973.612926,0
1734733973.718126,0
1734733973.831656,0
1734733973.948143,0
1734733974.096472,0
1734733974.243602,0
1734733974.370317,0
1734733974.490048,0
1734733974.694948,0
1734733974.808292,0
1734733974.919695,0
1734733975.097030,0
1734733975.218990,0
1734733975.332073,0
1734733975.450896,0
1734733975.568715,0
1734733975.722736,0
1734733975.828400,0
1734733975.937962,0
1734733976.050125,0
1734733976.356817,0
1734733976.494816,0
1734733976.662642,0
1734733976.851817,1
1734733976.961078,0
1734733977.100534,0
1734733977.217612,0
1734733977.356003,0
1734733977.469511,0
1734733977.585289,0
1734733977.791651,0
1734733977.905543,0
1734733978.073736,0
1734733978.211505,0
1734733978.361859,0
1734733978.482424,0
1734733978.602702,0
1734733978.726504,0
1734733978.847985,0
1734733978.974066,0
1734733979.081471,0
1734733979.202668,0
1734733979.320587,0
1734733979.450365,0
1734733979.584395,0
1734733979.851760,0
1734733979.983176,0
1734733980.103016,0
1734733980.210432,0
1734733980.331604,0
1734733980.450336,0
1734733980.576127,0
1734733980.697817,0
1734733980.826915,0
1734733980.946049,0
1734733981.064911,0
1734733981.182401,0
1734733981.296013,0
1734733981.405316,0
1734733981.528107,0
1734733981.650196,0
1734733981.769892,0
1734733981.890069,0
1734733982.012475,0
1734733982.131213,0
1734733982.249071,0
1734733982.381009,0
1734733982.489284,0
1734733982.595075,0
1734733982.710907,0
1734733982.830057,0
1734733982.951837,0
1734733983.069070,0
1734733983.197009,0
1734733983.328265,0
1734733983.454147,0
1734733983.564403,0
1734733983.672441,0
1734733983.793121,0
1734733983.913223,0
1734733984.030504,0
1734733984.148509,0
1734733984.269069,0
1734733984.387491,0
1734733984.508684,0
1734733984.638301,0
1734733984.857533,0
1734733984.977639,0
1734733985.095538,0
1734733985.214503,0
1734733985.336167,0
1734733985.480246,0
1734733985.599203,0
1734733985.735198,0
1734733985.843980,0
1734733985.964551,0
1734733986.081991,0
1734733986.201808,0
1734733986.365575,0
1734733986.496708,0
1734733986.622393,0
1734733986.802960,0
1734733986.997918,0
1734733987.116601,0
1734733987.237289,0
1734733987.356573,0
1734733987.475748,0
1734733987.584870,0
1734733987.696107,0
1734733987.806664,0
1734733987.916883,0
1734733988.026974,0
1734733988.133000,0
1734733988.249839,0
1734733988.357725,0
1734733988.466361,1
1734733988.577353,0
1734733988.695307,0
1734733988.807685,0
1734733988.911806,0
1734733989.032618,0
1734733989.151131,0
1734733989.256222,0
1734733989.369460,0
1734733989.483792,0
1734733989.599325,0
1734733989.721777,0
1734733989.840810,0
1734733989.957031,0
1734733990.074872,0
1734733990.201096,0
1734733990.312302,0
1734733990.437719,0
1734733990.563096,0
1734733990.681352,0
1734733990.801519,0
1734733990.919623,0
1734733991.038894,0
1734733991.163998,0
1734733991.288578,0
1734733991.401050,0
1734733991.508289,0
1734733991.628298,0
1734733991.749538,0
1734733991.869987,0
1734733991.994854,0
1734733992.123585,0
1734733992.360797,0
1734733992.497170,0
1734733992.606512,0
1734733992.723002,0
1734733992.843977,0
1734733992.958756,0
1734733993.082933,0
1734733993.216643,0
1734733993.360525,0
1734733993.502085,0
1734733993.629948,0
1734733993.844835,0
1734733994.043516,0
1734733994.173137,0
1734733994.286315,0
1734733994.399900,0
1734733994.507499,0
1734733994.632396,0
1734733994.746409,0
1734733994.855826,0
1734733994.965078,0
1734733995.077800,0
1734733995.188600,0
1734733995.303862,0
1734733995.421901,0
1734733995.531407,0
1734733995.646563,0
1734733995.760672,0
1734733995.870152,0
1734733995.981222,0
1734733996.097412,0
1734733996.210432,0
1734733996.322102,0
1734733996.433979,0
1734733996.538872,0
1734733996.655383,0
1734733996.764175,0
1734733996.872374,0
1734733996.981598,0
1734733997.091069,0
1734733997.199739,0
1734733997.309706,0
1734733997.422612,0
1734733997.528771,0
1734733997.645778,0
1734733997.759143,0
1734733997.872051,0
1734733997.984083,0
1734733998.094820,0
1734733998.205288,0
1734733998.315140,0
1734733998.427334,0
1734733998.545295,0
1734733998.650393,0
1734733998.763767,0
1734733998.873856,1
1734733998.980469,0
1734733999.087102,0
1734733999.199842,0
1734733999.312318,0
1734733999.427404,0
1734733999.536541,0
1734733999.641561,0
1734733999.764856,0
1734733999.876900,0
1734733999.984770,0
1734734000.089299,0
1734734000.199431,0
1734734000.313583,0
1734734000.430925,0
1734734000.540830,0
1734734000.644705,0
1734734000.753521,0
1734734000.864959,0
1734734000.969751,0
1734734001.076276,0
1734734001.186837,0
1734734001.297089,0
1734734001.414444,0
1734734001.520275,0
1734734001.639068,0
1734734001.750833,0
1734734001.863075,0
1734734001.974577,0
1734734002.088739,0
1734734002.194890,0
1734734002.318124,0
1734734002.433101,0
1734734002.547411,0
1734734002.665038,0
1734734002.778624,0
1734734002.887153,0
1734734003.005631,0
1734734003.115641,0
1734734003.275126,0
1734734003.411302,0
1734734003.516450,0
1734734003.636050,0
1734734003.833427,0
1734734003.957119,0
1734734004.072825,0
1734734004.192810,0
1734734004.346051,0
1734734004.465253,0
1734734004.575603,0
1734734004.694772,0
1734734004.816748,0
1734734004.935846,0
1734734005.057743,0
1734734005.172616,0
1734734005.344209,0
1734734005.460001,0
1734734005.575571,0
1734734005.685001,0
1734734005.799216,0
1734734005.909815,0
1734734006.022331,0
1734734006.140620,0
1734734006.260617,0
1734734006.379145,0
1734734006.490919,0
1734734006.610609,0
1734734006.725884,0
1734734006.845792,0
1734734006.952018,0
1734734007.069378,0
1734734007.194515,0
1734734007.312258,0
1734734007.431662,0
1734734007.537178,0
1734734007.660803,0
1734734007.785953,0
1734734007.905131,0
1734734008.030462,0
1734734008.202812,0
1734734008.321424,0
1734734008.439257,0
1734734008.560398,0
1734734008.666663,0
1734734008.784763,0
1734734008.901905,0
1734734009.018925,0
1734734009.138263,1
1734734009.257437,0
1734734009.380058,0
1734734009.504350,0
1734734009.624736,0
1734734009.749419,0
1734734009.868281,0
1734734009.989083,0
1734734010.111746,0
1734734010.229996,0
1734734010.354450,0
1734734010.480239,0
1734734010.594968,0
1734734010.704212,0
1734734010.824164,0
1734734010.931679,0
1734734011.040894,0
1734734011.154389,0
1734734011.263992,0
1734734011.374697,0
1734734011.489130,0
1734734011.598965,0
1734734011.713588,0
1734734011.830005,0
1734734011.934989,0
1734734012.048707,0
1734734012.162934,0
1734734012.275132,0
1734734012.388344,0
1734734012.501353,0
1734734012.614858,0
1734734012.738988,0
1734734012.852669,0
1734734012.963753,0
1734734013.078204,0
1734734013.186229,0
1734734013.299092,0
1734734013.409287,0
1734734013.515076,0
1734734013.629072,0
1734734013.739942,0
1734734013.853240,0
1734734013.974245,0
1734734014.088852,0
1734734014.202714,0
1734734014.319739,0
1734734014.459182,0
1734734014.577878,0
1734734014.686408,0
1734734014.796232,0
1734734014.908301,0
1734734015.022173,0
1734734015.128370,0
1734734015.237070,0
1734734015.356083,0
1734734015.474497,0
1734734015.618235,0
1734734015.736384,0
1734734015.842856,0
1734734015.959722,0
1734734016.077870,0
1734734016.195248,0
1734734016.301878,0
1734734016.409309,0
1734734016.519572,0
1734734016.630166,0
1734734016.740683,0
1734734016.852582,0
1734734016.960229,0
1734734017.075777,0
1734734017.189743,0
1734734017.297168,0
1734734017.420820,0
1734734017.527530,0
1734734017.651607,0
1734734017.766905,0
1734734017.875098,0
1734734017.991562,0
1734734018.108138,0
1734734018.224608,0
1734734018.329543,0
1734734018.446788,0
1734734018.553986,0
1734734018.667767,0
1734734018.785631,0
1734734018.898820,0
1734734019.007515,0
1734734019.120946,0
1734734019.241079,0
1734734019.372198,0
1734734019.483807,0
1734734019.593225,0
1734734019.701136,0
1734734019.811805,0
1734734019.918370,0
1734734020.030930,0
1734734020.145614,0
1734734020.274761,0
1734734020.388269,0
1734734020.498796,0
1734734020.630671,0
1734734020.752452,0
1734734020.945983,0
1734734021.054372,0
1734734021.165560,0
1734734021.273340,0
1734734021.383229,0
1734734021.495106,0
1734734021.600419,0
1734734021.717340,0
1734734021.826264,0
1734734021.932050,0
1734734022.044998,0
1734734022.160759,0
1734734022.267493,0
1734734022.379597,0
1734734022.487478,0
1734734022.593996,0
1734734022.700185,0
1734734022.820919,0
1734734022.930500,0
1734734023.038611,0
1734734023.148433,0
1734734023.263540,0
1734734023.379888,0
1734734023.492714,0
1734734023.617578,0
1734734023.723016,0
1734734023.830683,0
1734734023.938507,0
1734734024.047543,0
1734734024.172257,0
1734734024.298591,0
1734734024.411896,0
1734734024.528349,0
1734734024.648470,0
1734734024.771085,0
1734734024.879041,0
1734734024.991375,0
1734734025.113134,0
1734734025.230915,0
1734734025.346018,0
1734734025.460866,0
1734734025.573541,0
1734734025.687277,0
1734734025.800059,0
1734734025.917040,0
1734734026.024257,0
1734734026.149040,0
1734734026.278945,0
1734734026.430008,0
1734734026.548642,0
1734734026.663685,0
1734734026.777505,0
1734734026.885496,0
1734734026.993903,0
1734734027.104224,0
1734734027.221081,0
1734734027.333879,0
1734734027.444622,0
1734734027.550118,0
1734734027.664085,0
1734734027.769334,0
1734734027.878816,0
1734734027.985630,0
1734734028.098686,0
1734734028.211451,0
1734734028.329455,0
1734734028.449368,0
1734734028.569494,0
1734734028.689409,0
1734734028.811476,0
1734734028.927793,0
1734734029.052401,0
1734734029.178346,0
1734734029.285797,0
1734734029.414258,0
1734734029.542412,0
1734734029.665036,0
1734734029.787246,1
1734734029.905163,0
1734734030.023753,0
1734734030.143435,0
1734734030.265725,0
1734734030.372790,0
1734734030.483421,0
1734734030.602883,0
1734734030.721975,0
1734734030.841144,0
1734734030.960209,0
1734734031.078202,0
1734734031.197062,0
1734734031.305064,0
1734734031.415225,0
1734734031.523785,0
1734734031.644411,0
1734734031.764854,0
1734734031.883665,0
1734734032.006035,0
1734734032.125445,0
1734734032.250716,0
1734734032.369546,0
1734734032.494728,0
1734734032.601857,0
1734734032.720929,0
1734734032.842089,0
1734734032.965048,0
1734734033.084610,0
1734734033.210441,0
1734734033.331048,0
1734734033.452061,0
1734734033.565136,0
1734734033.673921,0
1734734033.783360,0
1734734033.894909,0
1734734034.006680,0
1734734034.118824,0
1734734034.231722,0
1734734034.343554,0
1734734034.456658,0
1734734034.567629,0
1734734034.682449,0
1734734034.793718,0
1734734034.912895,0
1734734035.023490,0
1734734035.127939,0
1734734035.233937,0
1734734035.346010,0
1734734035.458503,0
1734734035.565832,0
1734734035.679574,0
1734734035.792209,0
1734734035.897665,0
1734734036.015030,0
1734734036.125175,0
1734734036.235570,0
1734734036.350987,0
1734734036.466079,0
1734734036.577519,0
1734734036.689878,0
1734734036.803377,0
1734734036.919991,0
1734734037.026191,0
1734734037.147065,0
1734734037.266752,0
1734734037.374822,0
1734734037.487999,0
1734734037.604255,0
1734734037.717702,0
1734734037.828251,0
1734734037.948045,0
1734734038.062841,0
1734734038.192420,0
1734734038.304249,0
1734734038.416682,0
1734734038.536445,0
1734734038.640960,0
1734734038.761907,0
1734734038.883327,0
1734734039.002467,0
1734734039.153117,0
1734734039.269026,0
1734734039.380126,0
1734734039.493826,0
1734734039.602301,0
1734734039.721126,0
1734734039.835047,0
1734734039.943559,0
1734734040.049975,0
1734734040.185392,0
1734734040.294525,0
1734734040.412578,0
1734734040.586035,0
1734734040.704678,0
1734734040.853908,0
1734734040.966939,0
1734734041.099691,0
1734734041.222183,0
1734734041.335587,0
1734734041.446477,0
1734734041.554122,0
1734734041.668080,0
1734734041.790874,0
1734734041.898969,0
1734734042.021093,1
1734734042.132919,0
1734734042.238698,0
1734734042.344040,0
1734734042.450503,0
1734734042.562645,0
1734734042.672409,0
1734734042.780825,0
1734734042.892066,0
1734734043.009758,0
1734734043.121954,0
1734734043.229694,0
1734734043.354261,0
1734734043.461820,0
1734734043.569518,0
1734734043.686500,0
1734734043.805320,0
1734734043.939470,0
1734734044.056361,0
1734734044.187025,0
1734734044.323495,0
1734734044.453902,0
1734734044.561314,0
1734734044.669797,0
1734734044.790224,0
1734734044.912498,0
1734734045.031077,0
1734734045.150275,0
1734734045.269293,0
1734734045.388924,0
1734734045.507076,0
1734734045.631841,0
1734734045.738647,0
1734734045.854964,0
1734734045.975807,0
1734734046.103887,0
1734734046.220733,0
1734734046.340072,0
1734734046.461072,0
1734734046.568493,0
1734734046.675684,0
1734734046.788428,0
1734734046.895746,0
1734734047.013878,0
1734734047.132153,0
1734734047.252159,0
1734734047.360869,0
1734734047.481020,0
1734734047.599729,0
1734734047.721064,0
1734734047.837294,0
1734734047.946013,0
1734734048.054754,0
1734734048.173840,0
1734734048.294604,0
1734734048.417136,0
1734734048.543003,0
1734734048.661936,0
1734734048.786151,0
1734734048.892853,0
1734734049.012309,0
1734734049.122779,0
1734734049.256165,0
1734734049.376808,0
1734734049.498142,0
1734734049.621218,0
1734734049.741476,0
1734734049.860382,0
1734734049.978181,0
1734734050.096281,0
1734734050.216176,0
1734734050.324678,0
1734734050.444293,0
1734734050.563801,0
1734734050.683060,0
1734734050.800486,0
1734734050.920605,0
1734734051.040683,0
1734734051.162503,0
1734734051.281225,0
1734734051.386824,0
1734734051.499923,0
1734734051.616620,0
1734734051.731091,0
1734734051.850213,0
1734734051.965037,0
1734734052.079494,0
1734734052.196532,0
1734734052.310430,0
1734734052.420162,0
1734734052.529295,0
1734734052.641695,0
1734734052.758343,0
1734734052.872024,0
1734734052.983051,0
1734734053.095283,0
1734734053.200688,0
1734734053.306266,0
1734734053.422180,0
1734734053.528521,0
1734734053.643797,0
1734734053.762556,0
1734734053.881448,0
1734734053.991299,0
1734734054.100463,0
1734734054.227163,0
1734734054.357229,0
1734734054.471682,0
1734734054.600589,0
1734734054.718760,0
1734734054.833897,0
1734734054.939415,0
1734734055.045743,0
1734734055.159129,0
1734734055.265572,0
1734734055.383366,0
1734734055.496365,0
1734734055.633080,0
1734734055.761944,0
1734734055.874823,0
1734734055.991935,0
1734734056.110842,0
1734734056.216913,0
1734734056.326266,0
1734734056.432460,0
1734734056.656133,0
1734734056.769824,0
1734734056.884272,0
1734734056.997982,0
1734734057.157289,0
1734734057.274578,0
1734734057.392019,0
1734734057.500517,0
1734734057.613217,0
1734734057.728603,0
1734734057.836212,0
1734734057.957304,0
1734734058.068883,0
1734734058.181031,0
1734734058.291834,0
1734734058.411123,0
1734734058.517476,0
1734734058.634385,0
1734734058.760217,0
1734734058.865685,0
1734734058.984224,0
1734734059.164614,0
1734734059.289493,0
1734734059.419706,0
1734734059.533567,0
1734734059.676232,0
1734734059.793744,0
1734734059.908408,0
1734734060.036792,0
1734734060.158411,0
1734734060.271305,0
1734734060.385248,0
1734734060.506874,0
1734734060.625854,0
1734734060.745305,0
1734734060.861155,0
1734734060.977113,0
1734734061.090060,0
1734734061.210555,0
1734734061.335646,0
1734734061.455005,0
1734734061.572439,0
1734734061.694555,0
1734734061.807751,0
1734734061.912290,0
1734734062.022767,0
1734734062.137075,0
1734734062.246494,0
1734734062.367876,0
1734734062.491825,0
1734734062.615724,0
1734734062.750791,0
1734734062.862112,0
1734734062.969444,0
1734734063.078392,0
1734734063.194967,0
1734734063.306479,0
1734734063.416360,0
1734734063.522120,0
1734734063.642393,0
1734734063.754527,0
1734734063.867347,0
1734734063.981851,0
1734734064.095351,0
1734734064.201307,0
1734734064.310882,0
1734734064.420200,0
1734734064.526706,0
1734734064.642505,0
1734734064.756772,0
1734734064.867360,0
1734734064.982083,0
1734734065.095178,0
1734734065.209013,0
1734734065.314495,0
1734734065.430278,0
1734734065.535931,0
1734734065.655374,0
1734734065.768175,0
1734734065.893886,0
1734734066.006843,0
1734734066.115783,0
1734734066.226603,0
1734734066.332917,0
1734734066.452512,0
1734734066.559972,0
1734734066.666650,0
1734734066.788131,0
1734734066.895710,0
1734734067.016375,0
1734734067.138956,0
1734734067.259760,0
1734734067.381710,0
1734734067.505360,0
1734734067.623509,0
1734734067.739066,0
1734734067.855954,0
1734734067.970373,0
