1734733453.115419,0
1734733453.219483,11
1734733453.347093,21
1734733453.460094,28
1734733453.575724,36
1734733453.692204,44
1734733453.799138,52
1734733453.920286,59
1734733454.034846,68
1734733454.146162,76
1734733454.258418,84
1734733454.369642,93
1734733454.476436,100
1734733454.590641,100
1734733454.704514,100
1734733454.812420,100
1734733454.925140,100
1734733455.037308,100
1734733455.144857,100
1734733455.249182,100
1734733455.365150,100
1734733455.478420,100
1734733455.591066,100
1734733455.704288,100
1734733455.820596,100
1734733455.925523,100
1734733456.041353,100
1734733456.157342,100
1734733456.279080,100
1734733456.385002,100
1734733456.494968,100
1734733456.615563,100
1734733456.734670,100
1734733456.844295,99
1734733456.966254,99
1734733457.084811,100
1734733457.193582,100
1734733457.307726,100
1734733457.415816,100
1734733457.523078,99
1734733457.635179,100
1734733457.751549,100
1734733457.860693,100
1734733457.977414,99
1734733458.096480,100
1734733458.218415,100
1734733458.333170,100
1734733458.439538,100
1734733458.552555,100
1734733458.665751,99
1734733458.786550,99
1734733458.900692,100
1734733459.012630,100
1734733459.129978,100
1734733459.243703,100
1734733459.358371,100
1734733459.474297,100
1734733459.579113,99
1734733459.696666,100
1734733459.809930,100
1734733459.965259,100
1734733460.079197,100
1734733460.183473,100
1734733460.298285,96
1734733460.413725,92
1734733460.526421,85
1734733460.636572,78
1734733460.757160,78
1734733460.870636,75
1734733460.982677,76
1734733461.101550,76
1734733461.207216,78
1734733461.327322,79
1734733461.438254,79
1734733461.546324,77
1734733461.655853,78
1734733461.780021,78
1734733461.892460,78
1734733462.006971,78
1734733462.123815,78
1734733462.232977,77
1734733462.349251,75
1734733462.464391,75
1734733462.585588,74
1734733462.690364,74
1734733462.811370,74
1734733462.918791,74
1734733463.030456,74
1734733463.141144,75
1734733463.253210,75
1734733463.358865,75
1734733463.467092,75
1734733463.576001,75
1734733463.691378,75
1734733463.797001,75
1734733463.913130,73
1734733464.029783,74
1734733464.142880,74
1734733464.251477,75
1734733464.366834,74
1734733464.492675,76
1734733464.613225,75
1734733464.725870,74
1734733464.834646,73
1734733464.948303,73
1734733465.064006,73
1734733465.174931,72
1734733465.290611,72
1734733465.405002,72
1734733465.509308,71
1734733465.627598,70
1734733465.741633,69
1734733465.860819,70
1734733465.967697,71
1734733466.085990,72
1734733466.199732,73
1734733466.309514,74
1734733466.419664,74
1734733466.525111,74
1734733466.648270,74
1734733466.759200,73
1734733466.881119,73
1734733466.987529,73
1734733467.110282,72
1734733467.237915,72
1734733467.356396,71
1734733467.474496,71
1734733467.587888,71
1734733467.696012,71
1734733467.813127,71
1734733467.928655,71
1734733468.040491,72
1734733468.150421,72
1734733468.261614,72
1734733468.375735,72
1734733468.489135,72
1734733468.602631,72
1734733468.707356,71
1734733468.835129,71
1734733468.955079,73
1734733469.075773,73
1734733469.187868,72
1734733469.310718,72
1734733469.428480,72
1734733469.560065,72
1734733469.683655,73
1734733469.793601,72
1734733469.900258,73
1734733470.016991,73
1734733470.142609,73
1734733470.249620,73
1734733470.369114,72
1734733470.488839,73
1734733470.612193,74
1734733470.734158,75
1734733470.854483,75
1734733470.964271,75
1734733471.083486,74
1734733471.208693,75
1734733471.329177,75
1734733471.441542,75
1734733471.555174,74
1734733471.668488,75
1734733471.777965,75
1734733471.890665,75
1734733472.002370,74
1734733472.125826,73
1734733472.242465,73
1734733472.359198,74
1734733472.469860,73
1734733472.598418,73
1734733472.721825,74
1734733472.845015,74
1734733472.964853,74
1734733473.078703,74
1734733473.188380,73
1734733473.303154,74
1734733473.414613,73
1734733473.521861,74
1734733473.636562,74
1734733473.748047,73
1734733473.859412,74
1734733473.966584,74
1734733474.077545,74
1734733474.201145,74
1734733474.332109,74
1734733474.458978,74
1734733474.611136,74
1734733474.723027,74
1734733474.849849,75
1734733474.971814,75
1734733475.092199,75
1734733475.214566,74
1734733475.340276,75
1734733475.447284,76
1734733475.568544,76
1734733475.672972,76
1734733475.789573,76
1734733475.908657,75
1734733476.020804,76
1734733476.139153,76
1734733476.250268,75
1734733476.362907,76
1734733476.473087,77
1734733476.583725,78
1734733476.693011,77
1734733476.816968,78
1734733476.930211,78
1734733477.044551,78
1734733477.198874,79
1734733477.311377,79
1734733477.425714,79
1734733477.530015,79
1734733477.642391,79
1734733477.751380,78
1734733477.856708,79
1734733477.972456,79
1734733478.093331,79
1734733478.207259,78
1734733478.322362,78
1734733478.433859,78
1734733478.542891,79
1734733478.660267,79
1734733478.780515,79
1734733478.886431,79
1734733478.999321,79
1734733479.112039,80
1734733479.226565,80
1734733479.344093,80
1734733479.459410,80
1734733479.573358,80
1734733479.678181,80
1734733479.794359,81
1734733479.900504,81
1734733480.018658,79
1734733480.151884,80
1734733480.268589,80
1734733480.380822,80
1734733480.494879,80
1734733480.609626,81
1734733480.717573,81
1734733480.834431,81
1734733480.939584,80
1734733481.057580,80
1734733481.179674,79
1734733481.290331,81
1734733481.403404,82
1734733481.508656,81
1734733481.630092,81
1734733481.735168,81
1734733481.850055,82
1734733481.967433,82
1734733482.078528,83
1734733482.204387,82
1734733482.318813,83
1734733482.432704,81
1734733482.544658,82
1734733482.655610,82
1734733482.773779,83
1734733482.902211,83
1734733483.013757,83
1734733483.121167,82
1734733483.282936,82
1734733483.397213,82
1734733483.511056,83
1734733483.626218,83
1734733483.746132,84
1734733483.860405,84
1734733483.970484,84
1734733484.091601,85
1734733484.197453,84
1734733484.315088,84
1734733484.425728,83
1734733484.531262,83
1734733484.648629,83
1734733484.763131,82
1734733484.876956,83
1734733484.989448,83
1734733485.106197,83
1734733485.211106,82
1734733485.329582,83
1734733485.442331,83
1734733485.550904,83
1734733485.670122,83
1734733485.790228,83
1734733485.906114,84
1734733486.010579,84
1734733486.127878,84
1734733486.238307,84
1734733486.358374,84
1734733486.479458,85
1734733486.600121,86
1734733486.710519,85
1734733486.822593,85
1734733486.942224,86
1734733487.047919,86
1734733487.168415,86
1734733487.281129,87
1734733487.390182,87
1734733487.497346,87
1734733487.618558,87
1734733487.729958,86
1734733487.840272,86
1734733487.965497,86
1734733488.088046,86
1734733488.195672,86
1734733488.307639,87
1734733488.413261,86
1734733488.519548,88
1734733488.635693,88
1734733488.754298,88
1734733488.872271,88
1734733488.988876,87
1734733489.102253,87
1734733489.213250,87
1734733489.328274,87
1734733489.440867,88
1734733489.557233,88
1734733489.679017,88
1734733489.796680,88
1734733489.920236,87
1734733490.030161,88
1734733490.141400,88
1734733490.253387,89
1734733490.378077,87
1734733490.490661,88
1734733490.599862,89
1734733490.713108,89
1734733490.818392,89
1734733490.925366,90
1734733491.042029,90
1734733491.303046,91
1734733491.425828,91
1734733491.536729,90
1734733491.647663,90
1734733491.761490,90
1734733491.873256,90
1734733491.984622,90
1734733492.095805,90
1734733492.206622,90
1734733492.321289,90
1734733492.426851,90
1734733492.535759,89
1734733492.645795,90
1734733492.773500,90
1734733492.920989,90
1734733493.032417,90
1734733493.140443,90
1734733493.252144,91
1734733493.360660,92
1734733493.481258,92
1734733493.591601,92
1734733493.707049,92
1734733493.824913,92
1734733493.939049,92
1734733494.052786,92
1734733494.168011,93
1734733494.283883,92
1734733494.399709,94
1734733494.504447,94
1734733494.628742,93
1734733494.749968,93
1734733494.873673,94
1734733494.984751,94
1734733495.095619,94
1734733495.207784,93
1734733495.322499,93
1734733495.440356,94
1734733495.547011,95
1734733495.664248,93
1734733495.777287,93
1734733495.982042,94
1734733496.093201,94
1734733496.216744,95
1734733496.331642,95
1734733496.447221,95
1734733496.565371,95
1734733496.684835,95
1734733496.805713,96
1734733496.918199,96
1734733497.027544,96
1734733497.136818,96
1734733497.249176,95
1734733497.361763,94
1734733497.475771,94
1734733497.596666,90
1734733497.702524,90
1734733497.815810,90
1734733497.928200,91
1734733498.032852,91
1734733498.144249,86
1734733498.252972,87
1734733498.365922,83
1734733498.472494,79
1734733498.581130,78
1734733498.691378,78
1734733498.803235,78
1734733498.915522,78
1734733499.024656,78
1734733499.130842,78
1734733499.242585,77
1734733499.356520,77
1734733499.471869,76
1734733499.581545,83
1734733499.697978,83
1734733499.803657,83
1734733499.916438,83
1734733500.034011,83
1734733500.152494,83
1734733500.258896,83
1734733500.374848,83
1734733500.482456,84
1734733500.592718,80
1734733500.705512,86
1734733500.817223,86
1734733500.930336,86
1734733501.041948,86
1734733501.150727,86
1734733501.261510,85
1734733501.374475,85
1734733501.487577,86
1734733501.605125,86
1734733501.715185,86
1734733501.829985,86
1734733501.936383,87
1734733502.046861,87
1734733502.166814,87
1734733502.277884,87
1734733502.394884,87
1734733502.502038,87
1734733502.612620,87
1734733502.725157,88
1734733502.840753,89
1734733502.945979,89
1734733503.067540,89
1734733503.177356,89
1734733503.286707,89
1734733503.406346,88
1734733503.513415,88
1734733503.633135,88
1734733503.742363,89
1734733503.857072,89
1734733503.968046,89
1734733504.077470,89
1734733504.193213,89
1734733504.302799,90
1734733504.416790,90
1734733504.529648,90
1734733504.643724,89
1734733504.751628,89
1734733504.859684,89
1734733504.973933,90
1734733505.085881,90
1734733505.242011,91
1734733505.357869,91
1734733505.466200,91
1734733505.585420,91
1734733505.698330,92
1734733505.811876,92
1734733505.923959,92
1734733506.030978,92
1734733506.137060,92
1734733506.251498,92
1734733506.364883,92
1734733506.471790,91
1734733506.585605,92
1734733506.698196,91
1734733506.809877,90
1734733506.926297,91
1734733507.045802,91
1734733507.162276,91
1734733507.267169,91
1734733507.386541,91
1734733507.494348,90
1734733507.600735,90
1734733507.716125,92
1734733507.830838,91
1734733507.948524,91
1734733508.063710,91
1734733508.183333,92
1734733508.298484,92
1734733508.419087,93
1734733508.524661,93
1734733508.635843,93
1734733508.754500,93
1734733508.862099,93
1734733508.985408,93
1734733509.100297,93
1734733509.217148,93
1734733509.327327,92
1734733509.440329,91
1734733509.548418,92
1734733509.654357,92
1734733509.777362,92
1734733509.888749,92
1734733510.000809,92
1734733510.112018,92
1734733510.227245,92
1734733510.338108,92
1734733510.442703,93
1734733510.554084,93
1734733510.665673,93
1734733510.783540,94
1734733510.893166,95
1734733511.008613,95
1734733511.123218,94
1734733511.237122,95
1734733511.347786,95
1734733511.452417,95
1734733511.573970,96
1734733511.685168,96
1734733511.790416,96
1734733511.909035,96
1734733512.017428,96
1734733512.128692,96
1734733512.239256,96
1734733512.349344,97
1734733512.458640,97
1734733512.562794,97
1734733512.679202,98
1734733512.793974,98
1734733512.900805,97
1734733513.018710,96
1734733513.130260,97
1734733513.247728,97
1734733513.364153,96
1734733513.475327,96
1734733513.581804,97
1734733513.694911,99
1734733513.811358,98
1734733513.915874,97
1734733514.035767,98
1734733514.146927,98
1734733514.257447,98
1734733514.370120,98
1734733514.482719,98
1734733514.604945,98
1734733514.712241,98
1734733514.831524,98
1734733514.938394,97
1734733515.066407,98
1734733515.174985,98
1734733515.288578,98
1734733515.405138,98
1734733515.511491,98
1734733515.621264,98
1734733515.726636,99
1734733515.841686,99
1734733515.959794,99
1734733516.065156,99
1734733516.181435,99
1734733516.294551,99
1734733516.411027,99
1734733516.517829,99
1734733516.637404,99
1734733516.759493,99
1734733516.876017,99
1734733516.997245,100
1734733517.102081,99
1734733517.220786,97
1734733517.337775,98
1734733517.450110,97
1734733517.577992,97
1734733517.687246,97
1734733517.799921,99
1734733517.904512,99
1734733518.018234,99
1734733518.131319,99
1734733518.242701,99
1734733518.360951,99
1734733518.475914,100
1734733518.598755,99
1734733518.714515,100
1734733518.822298,100
1734733518.934484,100
1734733519.065564,99
1734733519.175655,100
1734733519.285773,99
1734733519.389601,100
1734733519.505031,99
1734733519.622711,100
1734733519.754822,100
1734733519.877194,98
1734733519.997526,100
1734733520.112488,99
1734733520.237980,99
1734733520.345846,99
1734733520.458558,99
1734733520.565130,100
1734733520.670454,98
1734733520.774976,99
1734733520.880851,99
1734733520.986228,100
1734733521.090523,99
1734733521.196943,99
1734733521.305626,98
1734733521.412308,99
1734733521.520065,99
1734733521.624672,100
1734733521.733816,100
1734733521.838289,100
1734733521.945222,99
1734733522.051985,100
1734733522.157211,100
1734733522.262285,100
1734733522.371850,99
1734733522.484883,99
1734733522.589227,98
1734733522.693630,97
1734733522.801772,96
1734733522.906053,96
1734733523.015079,96
1734733523.126013,94
1734733523.237866,94
1734733523.357728,88
1734733523.485404,83
1734733523.601650,76
1734733523.710724,72
1734733523.817026,72
1734733523.927660,70
1734733524.041695,66
1734733524.152468,63
1734733524.261971,63
1734733524.367761,63
1734733524.473575,63
1734733524.579655,62
1734733524.685602,63
1734733524.790227,63
1734733524.894843,64
1734733525.003050,64
1734733525.108257,63
1734733525.221217,64
1734733525.329925,65
1734733525.435783,65
1734733525.540175,65
1734733525.645709,65
1734733525.754117,65
1734733525.858701,65
1734733525.963753,66
1734733526.071653,66
1734733526.177300,66
1734733526.285558,66
1734733526.390333,66
1734733526.495722,65
1734733526.606385,66
1734733526.713978,67
1734733526.828551,67
1734733526.944442,66
1734733527.054447,67
1734733527.172992,66
1734733527.292322,68
1734733527.410805,68
1734733527.525622,67
1734733527.632862,67
1734733527.740746,67
1734733527.851992,67
1734733527.972842,67
1734733528.110770,67
1734733528.229048,68
1734733528.352137,69
1734733528.486764,68
1734733528.594110,67
1734733528.702379,64
1734733528.823884,63
1734733528.963992,63
1734733529.084244,63
1734733529.204083,64
1734733529.325518,58
1734733529.449873,52
1734733529.574364,50
1734733529.697656,50
1734733529.804736,50
1734733529.922040,51
1734733530.027044,51
1734733530.149440,51
1734733530.267520,48
1734733530.374469,48
1734733530.487814,54
1734733530.607845,56
1734733530.716100,55
1734733530.823411,55
1734733530.929352,54
1734733531.042049,54
1734733531.148906,52
1734733531.269079,57
1734733531.387352,57
1734733531.500657,57
1734733531.613000,57
1734733531.731391,56
1734733531.843508,57
1734733531.952689,58
1734733532.069509,59
1734733532.174668,60
1734733532.285047,60
1734733532.393978,60
1734733532.508590,60
1734733532.617508,60
1734733532.733900,61
1734733532.852716,61
1734733532.957164,62
1734733533.073795,61
1734733533.183193,61
1734733533.303386,61
1734733533.416467,60
1734733533.613332,62
1734733533.731534,62
1734733533.838882,63
1734733533.979931,63
1734733534.088951,63
1734733534.199992,63
1734733534.305768,63
1734733534.421559,61
1734733534.532346,63
1734733534.647166,64
1734733534.766115,64
1734733534.878507,64
1734733534.989002,63
1734733535.094729,63
1734733535.211875,63
1734733535.317892,63
1734733535.431345,63
1734733535.544689,64
1734733535.657689,64
1734733535.772677,63
1734733535.882904,64
1734733535.995476,65
1734733536.109485,64
1734733536.217533,65
1734733536.329376,65
1734733536.435946,65
1734733536.554448,65
1734733536.661228,65
1734733536.784947,64
1734733536.896985,64
1734733537.009278,65
1734733537.130116,65
1734733537.242365,66
1734733537.361838,67
1734733537.466821,68
1734733537.582442,68
1734733537.707219,67
1734733537.822728,66
1734733537.931928,67
1734733538.044399,67
1734733538.154289,68
1734733538.266346,67
1734733538.383018,67
1734733538.488749,67
1734733538.609315,67
1734733538.725454,67
1734733538.849886,67
1734733538.988228,68
1734733539.108364,69
1734733539.225758,69
1734733539.344743,69
1734733539.465383,70
1734733539.574253,70
1734733539.685325,71
1734733539.802070,70
1734733539.919273,69
1734733540.035507,69
1734733540.146858,69
1734733540.257740,70
1734733540.370498,70
1734733540.482768,70
1734733540.590611,70
1734733540.705927,71
1734733540.826357,71
1734733540.948072,71
1734733541.057862,71
1734733541.169903,70
1734733541.283183,70
1734733541.396479,71
1734733541.508254,71
1734733541.614784,71
1734733541.719468,71
1734733541.832830,72
1734733541.939407,73
1734733542.057149,73
1734733542.171062,72
1734733542.282710,73
1734733542.395745,73
1734733542.512155,72
1734733542.618960,72
1734733542.723607,72
1734733542.831607,72
1734733542.942819,72
1734733543.054405,73
1734733543.172456,73
1734733543.285314,74
1734733543.398317,74
1734733543.512390,74
1734733543.617352,74
1734733543.727690,74
1734733543.833390,74
1734733543.954270,73
1734733544.074180,74
1734733544.194978,74
1734733544.315719,74
1734733544.438838,74
1734733544.559684,74
1734733544.682508,74
1734733544.795553,74
1734733544.904260,74
1734733545.023640,74
1734733545.145659,74
1734733545.263448,74
1734733545.379356,76
1734733545.503843,76
1734733545.626284,76
1734733545.748761,76
1734733545.871214,76
1734733545.976970,77
1734733546.093837,76
1734733546.213873,76
1734733546.334283,76
1734733546.455858,77
1734733546.574461,76
1734733546.694319,76
1734733546.811051,78
1734733546.936564,76
1734733547.054556,76
1734733547.162285,77
1734733547.281319,77
1734733547.398280,77
1734733547.515240,78
1734733547.636025,79
1734733547.754329,79
1734733547.880099,79
1734733547.991483,78
1734733548.103620,78
1734733548.209703,78
1734733548.314645,78
1734733548.419393,78
1734733548.531363,79
1734733548.642375,79
1734733548.757053,79
1734733548.868730,79
1734733548.979243,79
1734733549.089592,79
1734733549.203032,79
1734733549.308171,80
1734733549.415017,80
1734733549.521788,80
1734733549.632261,80
1734733549.752234,80
1734733549.867890,81
1734733549.982558,81
1734733550.101119,81
1734733550.211886,82
1734733550.318167,82
1734733550.424808,82
1734733550.545748,82
1734733550.657573,82
1734733550.769680,81
1734733550.879526,81
1734733550.988490,81
1734733551.101559,80
1734733551.212716,80
1734733551.358718,82
1734733551.468516,82
1734733551.585223,83
1734733551.700934,83
1734733551.812500,83
1734733551.932934,83
1734733552.042888,84
1734733552.154700,84
1734733552.271521,85
1734733552.384957,85
1734733552.490571,84
1734733552.607107,83
1734733552.716303,84
1734733552.827758,84
1734733552.937797,84
1734733553.047951,84
1734733553.169550,84
1734733553.285894,84
1734733553.404799,84
1734733553.512029,85
1734733553.617770,85
1734733553.729401,81
1734733553.842093,73
1734733553.955274,68
1734733554.072675,68
1734733554.187547,67
1734733554.299441,66
1734733554.412843,66
1734733554.526619,67
1734733554.631623,67
1734733554.750996,67
1734733554.876669,61
1734733554.996383,63
1734733555.118277,62
1734733555.234772,62
1734733555.352969,63
1734733555.472687,63
1734733555.594107,63
1734733555.703599,62
1734733555.815563,67
1734733555.931479,67
1734733556.052248,68
1734733556.175832,69
1734733556.294379,68
1734733556.410807,68
1734733556.528072,68
1734733556.652679,72
1734733556.780893,72
1734733556.889403,71
1734733557.012109,72
1734733557.130437,73
1734733557.250817,73
1734733557.371561,72
1734733557.488467,72
1734733557.607539,73
1734733557.726157,75
1734733557.850323,73
1734733557.957063,69
1734733558.066046,62
1734733558.191606,54
1734733558.315361,45
1734733558.443092,39
1734733558.562587,35
1734733558.682255,35
1734733558.800312,28
1734733558.918661,17
1734733559.054095,18
1734733559.171891,15
1734733559.290401,16
1734733559.414233,16
1734733559.534282,17
1734733559.649339,17
1734733559.761154,17
1734733559.873693,17
1734733559.987534,16
1734733560.100961,16
1734733560.209130,16
1734733560.315418,16
1734733560.431354,17
1734733560.544114,17
1734733560.651531,18
1734733560.759411,17
1734733560.870260,18
1734733560.986120,18
1734733561.101475,18
1734733561.221103,20
1734733561.332780,20
1734733561.442737,20
1734733561.552911,20
1734733561.659188,19
1734733561.773604,21
1734733561.878485,21
1734733561.987788,21
1734733562.105624,21
1734733562.213696,20
1734733562.323528,22
1734733562.484586,23
1734733562.608888,22
1734733562.726257,22
1734733562.836493,22
1734733562.952440,23
1734733563.063892,23
1734733563.176517,23
1734733563.286513,23
1734733563.391969,23
1734733563.501048,23
1734733563.611235,24
1734733563.725006,25
1734733563.837289,25
1734733563.945259,25
1734733564.056695,25
1734733564.171846,19
1734733564.286496,12
1734733564.395464,5
1734733564.508343,7
1734733564.620096,11
1734733564.732659,12
1734733564.842534,12
1734733564.952997,13
1734733565.061662,13
1734733565.173057,14
1734733565.283670,14
1734733565.393187,14
1734733565.502986,14
1734733565.610533,15
1734733565.718949,15
1734733565.824068,16
1734733565.933953,16
1734733566.044387,16
1734733566.156517,16
1734733566.264830,17
1734733566.376809,17
1734733566.487653,17
1734733566.597193,18
1734733566.704659,19
1734733566.818704,18
1734733566.925406,19
1734733567.033456,19
1734733567.142656,19
1734733567.264085,19
1734733567.373551,19
1734733567.489972,19
1734733567.607966,20
1734733567.713232,21
1734733567.824391,21
1734733567.936786,21
1734733568.045750,21
1734733568.160634,21
1734733568.271865,21
1734733568.388066,22
1734733568.504350,22
1734733568.610304,22
1734733568.732727,22
1734733568.840531,22
1734733568.956758,24
1734733569.068984,24
1734733569.189002,23
1734733569.302655,23
1734733569.413433,23
1734733569.524956,24
1734733569.638031,24
1734733569.751457,24
1734733569.865485,24
1734733569.984321,25
1734733570.102788,20
1734733570.213422,14
1734733570.331691,5
1734733570.436867,8
1734733570.548005,11
1734733570.660282,12
1734733570.775191,12
1734733570.886162,12
1734733570.995038,13
1734733571.112134,14
1734733571.230598,14
1734733571.345349,14
1734733571.480467,15
1734733571.595607,15
1734733571.714072,15
1734733571.868703,15
1734733571.974172,17
1734733572.083693,16
1734733572.194293,16
1734733572.303682,17
1734733572.415024,17
1734733572.537828,17
1734733572.643014,17
1734733572.758545,18
1734733572.869549,17
1734733572.983627,19
1734733573.091915,19
1734733573.210427,20
1734733573.333658,20
1734733573.445589,20
1734733573.564704,19
1734733573.670813,19
1734733573.782562,20
1734733573.895479,21
1734733574.001403,21
1734733574.107582,21
1734733574.223419,21
1734733574.336594,20
1734733574.449903,21
1734733574.562097,22
1734733574.668200,22
1734733574.777949,22
1734733574.891617,22
1734733575.000327,23
1734733575.123044,23
1734733575.227675,21
1734733575.344650,23
1734733575.456519,24
1734733575.568438,23
1734733575.685260,24
1734733575.794278,23
1734733575.902724,24
1734733576.015337,24
1734733576.136977,22
1734733576.241732,14
1734733576.353786,8
1734733576.463856,0
1734733576.570663,11
1734733576.682591,14
1734733576.791998,14
1734733576.901613,13
1734733577.017116,14
1734733577.132137,15
1734733577.244857,14
1734733577.351336,11
1734733577.469512,4
1734733577.581889,0
1734733577.694172,0
1734733577.807343,0
1734733577.915056,0
1734733578.025586,0
1734733578.136538,0
1734733578.247665,0
1734733578.352859,0
1734733578.459591,0
1734733578.571482,0
1734733578.680912,0
1734733578.794152,0
1734733578.905862,0
1734733579.032477,0
1734733579.152256,0
1734733579.272361,0
1734733579.387014,0
1734733579.495361,0
1734733579.606679,0
1734733579.721617,0
1734733579.836908,0
1734733579.949411,0
1734733580.060065,0
1734733580.178904,0
1734733580.292791,0
1734733580.407256,0
1734733580.517045,0
1734733580.626323,0
1734733580.742201,0
1734733580.857637,0
1734733580.971998,0
1734733581.080549,0
1734733581.199074,0
1734733581.314249,0
1734733581.441741,0
1734733581.551377,0
1734733581.658610,0
1734733581.784138,0
1734733581.904991,0
1734733582.018739,0
1734733582.123623,0
1734733582.242665,0
1734733582.356063,0
1734733582.492884,0
1734733582.606766,11
1734733582.716502,13
1734733582.826952,14
1734733582.948457,12
1734733583.055783,13
1734733583.171969,14
1734733583.286571,14
1734733583.400308,14
1734733583.510751,14
1734733583.634630,14
1734733583.806670,16
1734733583.919441,16
1734733584.048526,17
1734733584.163279,17
1734733584.283737,17
1734733584.403610,17
1734733584.523787,18
1734733584.678383,17
1734733584.783611,18
1734733584.905752,17
1734733585.026079,17
1734733585.138576,18
1734733585.252874,19
1734733585.369012,19
1734733585.480989,19
1734733585.593071,19
1734733585.704417,19
1734733585.820641,19
1734733585.930037,19
1734733586.049871,18
1734733586.165532,21
1734733586.281860,21
1734733586.401562,21
1734733586.513550,21
1734733586.621397,21
1734733586.732765,21
1734733586.871122,21
1734733586.979093,22
1734733587.098156,22
1734733587.227155,21
1734733587.353448,23
1734733587.478994,23
1734733587.597373,22
1734733587.717625,24
1734733587.836982,23
1734733587.955259,23
1734733588.065377,24
1734733588.175720,23
1734733588.295480,24
1734733588.418312,24
1734733588.535442,22
1734733588.657292,13
1734733588.780690,6
1734733588.908532,0
1734733589.028617,11
1734733589.153071,12
1734733589.262571,13
1734733589.383851,13
1734733589.503699,13
1734733589.631924,14
1734733589.764260,14
1734733589.890933,15
1734733590.004667,15
1734733590.126371,15
1734733590.250214,16
1734733590.358178,16
1734733590.478068,16
1734733590.604428,18
1734733590.731090,18
1734733590.850628,17
1734733590.972696,17
1734733591.092627,16
1734733591.213594,18
1734733591.332351,19
1734733591.438418,19
1734733591.552672,19
1734733591.677555,19
1734733591.797087,19
1734733591.915325,19
1734733592.033437,20
1734733592.151440,21
1734733592.327724,20
1734733592.458374,22
1734733592.579625,22
1734733592.701600,21
1734733592.826237,22
1734733592.948512,21
1734733593.073590,22
1734733593.196600,22
1734733593.318193,22
1734733593.438187,22
1734733593.558801,23
1734733593.673133,23
1734733593.786438,23
1734733593.908777,23
1734733594.031908,23
1734733594.148326,24
1734733594.273617,24
1734733594.389638,24
1734733594.506137,25
1734733594.615257,22
1734733594.735192,15
1734733594.840722,7
1734733594.947279,7
1734733595.059233,12
1734733595.170520,14
1734733595.280096,14
1734733595.391808,13
1734733595.502362,13
1734733595.612296,14
1734733595.718673,14
1734733595.833329,14
1734733595.946185,15
1734733596.063001,15
1734733596.182086,15
1734733596.295342,16
1734733596.403453,16
1734733596.520285,16
1734733596.630759,18
1734733596.750881,18
1734733596.862879,18
1734733596.968864,17
1734733597.085000,18
1734733597.196970,17
1734733597.307029,18
1734733597.416609,18
1734733597.528577,18
1734733597.638248,19
1734733597.747011,19
1734733597.859091,20
1734733597.968607,20
1734733598.076629,20
1734733598.191634,21
1734733598.307795,21
1734733598.418143,21
1734733598.531549,21
1734733598.639104,21
1734733598.752027,22
1734733598.865617,21
1734733598.982494,22
1734733599.087134,22
1734733599.201643,22
1734733599.319358,22
1734733599.429719,23
1734733599.539650,23
1734733599.646418,23
1734733599.756528,23
1734733599.867706,23
1734733599.979067,24
1734733600.096337,23
1734733600.203428,24
1734733600.319911,24
1734733600.433678,24
1734733600.549723,20
1734733600.656826,14
1734733600.770328,7
1734733600.875650,9
1734733600.998289,12
1734733601.117633,14
1734733601.224877,14
1734733601.336721,14
1734733601.452394,13
1734733601.567519,15
1734733601.677239,14
1734733601.787119,14
1734733601.898677,14
1734733602.012199,15
1734733602.122244,14
1734733602.238736,15
1734733602.346133,16
1734733602.460985,16
1734733602.580363,16
1734733602.694220,17
1734733602.802844,18
1734733602.915840,18
1734733603.031867,18
1734733603.144358,19
1734733603.259143,17
1734733603.363667,18
1734733603.475981,18
1734733603.588354,19
1734733603.715460,19
1734733603.830555,20
1734733603.941254,20
1734733604.057854,20
1734733604.171539,21
1734733604.287179,21
1734733604.480176,22
1734733604.608501,22
1734733604.716708,22
1734733604.822771,21
1734733604.930576,22
1734733605.037942,22
1734733605.149653,22
1734733605.263320,22
1734733605.379698,22
1734733605.492985,23
1734733605.599195,23
1734733605.713717,23
1734733605.835581,24
1734733605.956794,23
1734733606.073032,24
1734733606.180317,24
1734733606.286125,23
1734733606.393096,24
1734733606.498818,24
1734733606.604292,19
1734733606.710621,12
1734733606.826631,5
1734733606.932443,10
1734733607.047750,11
1734733607.162266,12
1734733607.268360,12
1734733607.374889,13
1734733607.481690,14
1734733607.587420,14
1734733607.695334,14
1734733607.818532,15
1734733607.935809,15
1734733608.062449,15
1734733608.180655,16
1734733608.299765,16
1734733608.421108,16
1734733608.543490,18
1734733608.662014,18
1734733608.771559,17
1734733608.884152,16
1734733609.003407,17
1734733609.124771,16
1734733609.245972,18
1734733609.364735,19
1734733609.483485,19
1734733609.608234,20
1734733609.721749,19
1734733609.862010,19
1734733609.979602,20
1734733610.090285,21
1734733610.208688,22
1734733610.324726,21
1734733610.442662,21
1734733610.565715,21
1734733610.683398,19
1734733610.799193,21
1734733610.916755,21
1734733611.027045,22
1734733611.142212,22
1734733611.266093,22
1734733611.372199,22
1734733611.492935,23
1734733611.609946,23
1734733611.729527,23
1734733611.856113,23
1734733611.977685,23
1734733612.124804,24
1734733612.229187,24
1734733612.332607,24
1734733612.452210,24
1734733612.581120,23
1734733612.693503,19
1734733612.814179,17
1734733612.921597,10
1734733613.029946,0
1734733613.134937,11
1734733613.242767,12
1734733613.351294,13
1734733613.461142,13
1734733613.574425,13
1734733613.686024,14
1734733613.792701,14
1734733613.910375,14
1734733614.019773,15
1734733614.130229,15
1734733614.236907,15
1734733614.348308,16
1734733614.459129,16
1734733614.568094,16
1734733614.686801,17
1734733614.796664,17
1734733614.903142,18
1734733615.012980,17
1734733615.120751,17
1734733615.232157,17
1734733615.337324,18
1734733615.447860,18
1734733615.552602,18
1734733615.663728,18
1734733615.770849,19
1734733615.884604,19
1734733615.994823,20
1734733616.105601,20
1734733616.218045,20
1734733616.330613,21
1734733616.440692,21
1734733616.550589,21
1734733616.664376,21
1734733616.769960,21
1734733616.884073,21
1734733617.001430,21
1734733617.107244,21
1734733617.213279,21
1734733617.324011,22
1734733617.436752,23
1734733617.540819,23
1734733617.645914,23
1734733617.756529,23
1734733617.864335,23
1734733617.975806,22
1734733618.093080,24
1734733618.203558,24
1734733618.313253,24
1734733618.422738,24
1734733618.535014,24
1734733618.646869,19
1734733618.757019,13
1734733618.865950,7
1734733618.982958,0
1734733619.092979,11
1734733619.205171,12
1734733619.317219,13
1734733619.432259,13
1734733619.540384,13
1734733619.651375,14
1734733619.758183,14
1734733619.874343,10
1734733619.989464,3
1734733620.102165,0
1734733620.220565,0
1734733620.330615,0
1734733620.487329,0
1734733620.639349,0
1734733620.757035,0
1734733620.861428,0
1734733621.029007,0
1734733621.159670,0
1734733621.267624,0
1734733621.377788,0
1734733621.487277,0
1734733621.608128,0
1734733621.732733,0
1734733621.842617,0
1734733621.955112,0
1734733622.059309,0
1734733622.163471,0
1734733622.269665,0
1734733622.387194,0
1734733622.496417,0
1734733622.602277,0
1734733622.717626,0
1734733622.832513,0
1734733622.946595,0
1734733623.052370,0
1734733623.169289,0
1734733623.289956,0
1734733623.407120,0
1734733623.544766,0
1734733623.652023,0
1734733623.766114,0
1734733623.879932,0
1734733623.997060,0
1734733624.115220,0
1734733624.227201,0
1734733624.346471,0
1734733624.488197,0
1734733624.598935,0
1734733624.710711,0
1734733624.829599,0
1734733624.939783,0
1734733625.047351,8
1734733625.156929,11
1734733625.270904,13
1734733625.385264,13
1734733625.499659,13
1734733625.607574,13
1734733625.726565,14
1734733625.839722,14
1734733625.952864,15
1734733626.065630,15
1734733626.170811,15
1734733626.284806,15
1734733626.389163,16
1734733626.508625,16
1734733626.614368,16
1734733626.718533,17
1734733626.824037,17
1734733626.928347,17
1734733627.046468,18
1734733627.153001,18
1734733627.265542,17
1734733627.380028,18
1734733627.493588,18
1734733627.610919,18
1734733627.723092,19
1734733627.830812,19
1734733627.936704,19
1734733628.050752,19
1734733628.155802,19
1734733628.277112,21
1734733628.385513,21
1734733628.503582,21
1734733628.627198,21
1734733628.743898,21
1734733628.867816,22
1734733628.976617,22
1734733629.095903,22
1734733629.217431,22
1734733629.336139,22
1734733629.446051,22
1734733629.553110,23
1734733629.676106,23
1734733629.793713,23
1734733629.911538,23
1734733630.030629,22
1734733630.147814,25
1734733630.267805,24
1734733630.384198,24
1734733630.513540,24
1734733630.619858,21
1734733630.737963,14
1734733630.861838,7
1734733630.991546,0
1734733631.107391,11
1734733631.218970,12
1734733631.333213,13
1734733631.446853,13
1734733631.563739,12
1734733631.669315,13
1734733631.781921,14
1734733631.894058,14
1734733632.006745,15
1734733632.118799,15
1734733632.231736,15
1734733632.344780,16
1734733632.462281,16
1734733632.577887,16
1734733632.688135,17
1734733632.797617,17
1734733632.919760,18
1734733633.038212,18
1734733633.150790,18
1734733633.260931,18
1734733633.378445,17
1734733633.491777,18
1734733633.600933,18
1734733633.720389,18
1734733633.828729,20
1734733633.937769,20
1734733634.047429,20
1734733634.169512,20
1734733634.288420,21
1734733634.406376,21
1734733634.522304,21
1734733634.628202,20
1734733634.738343,21
1734733634.843873,22
1734733634.959888,21
1734733635.073215,22
1734733635.184124,22
1734733635.294453,22
1734733635.407869,23
1734733635.534032,23
1734733635.640727,23
1734733635.759600,23
1734733635.870258,23
1734733635.983382,22
1734733636.092451,24
1734733636.201708,24
1734733636.311512,24
1734733636.429536,25
1734733636.541223,25
1734733636.649323,19
1734733636.768048,11
1734733636.882036,4
1734733636.986604,11
1734733637.102940,13
1734733637.216450,13
1734733637.331766,12
1734733637.442470,13
1734733637.555122,14
1734733637.676837,14
1734733637.792855,14
1734733637.910633,14
1734733638.019894,15
1734733638.134384,15
1734733638.250061,15
1734733638.363180,16
1734733638.477737,17
1734733638.602583,16
1734733638.711328,17
1734733638.820623,17
1734733638.931255,17
1734733639.051686,16
1734733639.159266,18
1734733639.275945,17
1734733639.392658,19
1734733639.503650,19
1734733639.616158,20
1734733639.727858,20
1734733639.845486,19
1734733639.957195,20
1734733640.075341,20
1734733640.182195,20
1734733640.303708,20
1734733640.416359,20
1734733640.529402,21
1734733640.634960,21
1734733640.751393,22
1734733640.869625,22
1734733640.979439,22
1734733641.096218,22
1734733641.208332,22
1734733641.314667,23
1734733641.428616,22
1734733641.544326,22
1734733641.649599,24
1734733641.762841,23
1734733641.870472,23
1734733641.985871,24
1734733642.103272,24
1734733642.217736,24
1734733642.323179,24
1734733642.428155,24
1734733642.546382,20
1734733642.651138,13
1734733642.767584,7
1734733642.872608,9
1734733643.000286,13
1734733643.111926,15
1734733643.221870,13
1734733643.329868,13
1734733643.437809,13
1734733643.544628,14
1734733643.652280,14
1734733643.760764,14
1734733643.871809,16
1734733643.980398,16
1734733644.102372,16
1734733644.264340,15
1734733644.418184,17
1734733644.602654,18
1734733644.770372,16
1734733644.925103,19
1734733645.117605,19
1734733645.246079,18
1734733645.368218,17
1734733645.501840,18
1734733645.615352,19
1734733645.727997,19
1734733645.854286,19
1734733646.013750,20
1734733646.138679,19
1734733646.273543,20
1734733646.446933,20
1734733646.610039,21
1734733646.732426,21
1734733646.848409,20
1734733646.952987,21
1734733647.076363,21
1734733647.197083,20
1734733647.318115,21
1734733647.439122,21
1734733647.570199,22
1734733647.690038,22
1734733647.825528,22
1734733647.935209,22
1734733648.058421,22
1734733648.180845,23
1734733648.301843,23
1734733648.421119,23
1734733648.542033,23
1734733648.662111,23
1734733648.781762,25
1734733648.890485,25
1734733649.002150,24
1734733649.130819,23
1734733649.252643,24
1734733649.376176,16
1734733649.502733,9
1734733649.652299,0
1734733649.782358,11
1734733649.911160,12
1734733650.038206,13
1734733650.151289,13
1734733650.285598,13
1734733650.405282,14
1734733650.540146,15
1734733650.672632,15
1734733650.799411,15
1734733650.921780,14
1734733651.044818,15
1734733651.162599,16
1734733651.269983,17
1734733651.396476,16
1734733651.527024,17
1734733651.649208,17
1734733651.773543,17
1734733651.900564,18
1734733652.019254,18
1734733652.142472,17
1734733652.261373,17
1734733652.372769,18
1734733652.496300,18
1734733652.614914,19
1734733652.735446,20
1734733652.860229,20
1734733652.979461,20
1734733653.101258,18
1734733653.223274,21
1734733653.347913,21
1734733653.457204,21
1734733653.583534,20
1734733653.704445,21
1734733653.829059,21
1734733653.948026,21
1734733654.068129,22
1734733654.188672,22
1734733654.314049,22
1734733654.435864,23
1734733654.548025,23
1734733654.669467,23
1734733654.787361,23
1734733654.912804,23
1734733655.022177,24
1734733655.143021,23
1734733655.259885,24
1734733655.379703,24
1734733655.498918,24
1734733655.629970,17
1734733655.738291,10
1734733655.854594,0
1734733655.972323,11
1734733656.088676,11
1734733656.205326,12
1734733656.319249,12
1734733656.436790,13
1734733656.554606,14
1734733656.671965,14
1734733656.779308,14
1734733656.891107,14
1734733657.011480,15
1734733657.132327,15
1734733657.252259,17
1734733657.373345,16
1734733657.492985,16
1734733657.618262,17
1734733657.729172,17
1734733657.848742,17
1734733657.955748,17
1734733658.080874,19
1734733658.198258,18
1734733658.318989,18
1734733658.439195,18
1734733658.561632,19
1734733658.683796,21
1734733658.806216,21
1734733658.915991,20
1734733659.028964,19
1734733659.140545,20
1734733659.251403,21
1734733659.364294,21
1734733659.477082,20
1734733659.588215,21
1734733659.700190,20
1734733659.815640,22
1734733659.932010,22
1734733660.040476,21
1734733660.159267,22
1734733660.283782,22
1734733660.402096,22
1734733660.522746,23
1734733660.649525,22
1734733660.781537,23
1734733660.898777,23
1734733661.018043,23
1734733661.143826,24
1734733661.251323,24
1734733661.372907,24
1734733661.491488,25
1734733661.612106,20
1734733661.729073,13
1734733661.848177,5
1734733661.963445,0
1734733662.078394,11
1734733662.190290,11
1734733662.299863,13
1734733662.408354,13
1734733662.523245,13
1734733662.628686,14
1734733662.749563,14
1734733662.864359,10
1734733662.979861,3
1734733663.094426,0
1734733663.212373,0
1734733663.333635,0
1734733663.440940,0
1734733663.547910,0
1734733663.665733,0
1734733663.783805,0
1734733663.905302,0
1734733664.024781,0
1734733664.143844,0
1734733664.269584,0
1734733664.396281,0
1734733664.522461,0
1734733664.656534,0
1734733664.778272,0
1734733664.900373,0
1734733665.027888,0
1734733665.175499,0
1734733665.296820,0
1734733665.417281,0
1734733665.548156,0
1734733665.695096,0
1734733665.827083,0
1734733665.935784,0
1734733666.040488,0
1734733666.153802,0
1734733666.261279,0
1734733666.369916,0
1734733666.476516,0
1734733666.584772,0
1734733666.693992,0
1734733666.799541,0
1734733666.914711,0
1734733667.022898,0
1734733667.128711,0
1734733667.248504,0
1734733667.363033,0
1734733667.476778,0
1734733667.583894,0
1734733667.692489,0
1734733667.802585,0
1734733667.915910,0
1734733668.029958,0
1734733668.151198,0
1734733668.284354,0
1734733668.449230,0
1734733668.587466,0
1734733668.706208,0
1734733668.826892,0
1734733668.934467,0
1734733669.057001,0
1734733669.178216,0
1734733669.298743,0
1734733669.406069,0
1734733669.513419,0
1734733669.714429,0
1734733669.827200,0
1734733669.937146,0
1734733670.042234,0
1734733670.157230,0
1734733670.264130,0
1734733670.375173,0
1734733670.485299,0
1734733670.601445,0
1734733670.713558,0
1734733670.820856,0
1734733670.934767,0
1734733671.047796,0
1734733671.154477,0
1734733671.272129,0
1734733671.388066,0
1734733671.494683,0
1734733671.611915,0
1734733671.732580,0
1734733671.859682,0
1734733671.983049,0
1734733672.106112,0
1734733672.211416,0
1734733672.328922,0
1734733672.446350,0
1734733672.551984,0
1734733672.658025,0
1734733672.762582,0
1734733672.867742,0
1734733672.972556,0
1734733673.077111,0
1734733673.191279,0
1734733673.296355,0
1734733673.405726,0
1734733673.518417,0
1734733673.630235,0
1734733673.739165,0
1734733673.852050,0
1734733673.969828,0
1734733674.085325,0
1734733674.203619,0
1734733674.323191,0
1734733674.431407,0
1734733674.551789,0
1734733674.669842,0
1734733674.792602,0
1734733674.907618,0
1734733675.029862,0
1734733675.148869,0
1734733675.266529,0
1734733675.386509,0
1734733675.496506,0
1734733675.603641,0
1734733675.721750,0
1734733675.844640,0
1734733675.963243,0
1734733676.084755,0
1734733676.204002,0
1734733676.333699,0
1734733676.461397,0
1734733676.571315,0
1734733676.682386,0
1734733676.804924,0
1734733676.917487,0
1734733677.037775,0
1734733677.158856,0
1734733677.278708,0
1734733677.399952,0
1734733677.518705,0
1734733677.640774,0
1734733677.747418,0
1734733677.874178,0
1734733677.994660,0
1734733678.113660,0
1734733678.234045,0
1734733678.353717,0
1734733678.472915,0
1734733678.589633,0
1734733678.707969,0
1734733678.823322,0
1734733678.931934,0
1734733679.050566,0
1734733679.171899,0
1734733679.290509,0
1734733679.411703,0
1734733679.531765,0
1734733679.650671,0
1734733679.769762,0
1734733679.892347,0
1734733680.002766,0
1734733680.107246,0
1734733680.216498,0
1734733680.327186,0
1734733680.438334,0
1734733680.548222,0
1734733680.660690,0
1734733680.772659,0
1734733680.886101,0
1734733681.000992,0
1734733681.107401,0
1734733681.219209,0
1734733681.329702,0
1734733681.435776,0
1734733681.545764,0
1734733681.654035,0
1734733681.760881,0
1734733681.866578,0
1734733681.976380,0
1734733682.083009,0
1734733682.190005,0
1734733682.309335,0
1734733682.420614,0
1734733682.530423,0
1734733682.641621,0
1734733682.753462,0
1734733682.858991,0
1734733682.974152,0
1734733683.083555,0
1734733683.189005,0
1734733683.304620,0
1734733683.423737,0
1734733683.539681,0
1734733683.662250,0
1734733683.779496,0
1734733683.896971,0
1734733684.015597,0
1734733684.135701,0
1734733684.258026,0
1734733684.366688,0
1734733684.502898,0
1734733684.649991,0
1734733684.768740,0
1734733684.892062,0
1734733685.016892,0
1734733685.137048,0
1734733685.256816,0
1734733685.376194,0
1734733685.481218,0
1734733685.602954,0
1734733685.728321,0
1734733685.847304,0
1734733685.969235,0
1734733686.097858,0
1734733686.233568,0
1734733686.344456,0
1734733686.469776,0
1734733686.577993,0
1734733686.697590,0
1734733686.818818,0
1734733686.937695,0
1734733687.056871,0
1734733687.176442,0
1734733687.295980,0
1734733687.414278,0
1734733687.534647,0
1734733687.640325,0
1734733687.752954,0
1734733687.870080,0
1734733687.989728,0
1734733688.110119,0
1734733688.228746,0
1734733688.345803,0
1734733688.465070,0
1734733688.585300,0
1734733688.710901,0
1734733688.819070,0
1734733688.935615,0
1734733689.055035,0
1734733689.173489,0
1734733689.291837,0
1734733689.410675,0
1734733689.530017,0
1734733689.647523,0
1734733689.768425,0
1734733689.876525,0
1734733690.023092,0
1734733690.141984,0
1734733690.262032,0
1734733690.380525,0
1734733690.529594,0
1734733690.652936,0
1734733690.784121,0
1734733690.918144,0
1734733691.025530,0
1734733691.155785,0
1734733691.282218,0
1734733691.398890,0
1734733691.516014,0
1734733691.633043,0
1734733691.750394,0
1734733691.876448,0
1734733692.004984,0
1734733692.113890,0
1734733692.228921,0
1734733692.347361,0
1734733692.467311,0
1734733692.585824,0
1734733692.706822,0
1734733692.830959,0
1734733692.947979,0
1734733693.070234,0
1734733693.191445,0
1734733693.300867,0
1734733693.419165,0
1734733693.546602,0
1734733693.665434,0
1734733693.784057,0
1734733693.903700,0
1734733694.024029,0
1734733694.148919,0
1734733694.276546,0
1734733694.388006,0
1734733694.506620,0
1734733694.622629,0
1734733694.742111,0
1734733694.865102,0
1734733694.992532,0
1734733695.109508,0
1734733695.218543,0
1734733695.333826,0
1734733695.442664,0
1734733695.549811,0
1734733695.654647,0
1734733695.766491,0
1734733695.875465,0
1734733695.995067,0
1734733696.107482,0
1734733696.222620,0
1734733696.347594,0
1734733696.459257,0
1734733696.568810,0
1734733696.688380,0
1734733696.796397,0
1734733696.909762,0
1734733697.023986,0
1734733697.134449,0
1734733697.247490,0
1734733697.357799,0
1734733697.471743,0
1734733697.580920,0
1734733697.694103,0
1734733697.799584,0
1734733697.916378,0
1734733698.031911,0
1734733698.146523,0
1734733698.257966,0
1734733698.370717,0
1734733698.479738,0
1734733698.588393,0
1734733698.693538,0
1734733698.812661,0
1734733698.928558,0
1734733699.035048,0
1734733699.145803,0
1734733699.257725,0
1734733699.368659,0
1734733699.480489,0
1734733699.591508,0
1734733699.696468,0
1734733699.801668,0
1734733699.908181,0
1734733700.017094,0
1734733700.128060,0
1734733700.238136,0
1734733700.348903,0
1734733700.462740,0
1734733700.573802,0
1734733700.682091,0
1734733700.787675,0
1734733700.895330,0
1734733700.999545,0
1734733701.115201,0
1734733701.224171,0
1734733701.335669,0
1734733701.445078,0
1734733701.554228,0
1734733701.669098,0
1734733701.773749,0
1734733701.879101,0
1734733701.997544,0
1734733702.116727,0
1734733702.238306,0
1734733702.361384,0
1734733702.480381,0
1734733702.602255,0
1734733702.715315,0
1734733702.820127,0
1734733702.928220,0
1734733703.055824,0
1734733703.178001,0
1734733703.294265,0
1734733703.413144,0
1734733703.535050,0
1734733703.652455,0
1734733703.772003,0
1734733703.900443,0
1734733704.007988,0
1734733704.124833,0
1734733704.249995,0
1734733704.370882,0
1734733704.504207,0
1734733704.632983,0
1734733704.766008,0
1734733704.884835,0
1734733705.010512,0
1734733705.120772,0
1734733705.234002,0
1734733705.352975,0
1734733705.477847,0
1734733705.605496,0
1734733705.731382,0
1734733705.853599,0
1734733705.974715,0
1734733706.095402,0
1734733706.202618,0
1734733706.310891,0
1734733706.428753,0
1734733706.548291,0
1734733706.666780,0
1734733706.788587,0
1734733706.899941,0
1734733707.007825,0
1734733707.131299,0
1734733707.255157,0
1734733707.367307,0
1734733707.496868,0
1734733707.619908,0
1734733707.741223,0
1734733707.853477,0
1734733707.966092,0
1734733708.077866,0
1734733708.189789,0
1734733708.303123,0
1734733708.447496,0
1734733708.570811,0
1734733708.681074,0
1734733708.794420,0
1734733708.907864,0
1734733709.015816,0
1734733709.128281,0
1734733709.240259,0
1734733709.352748,0
1734733709.457813,0
1734733709.568088,0
1734733709.678706,0
1734733709.789422,0
1734733709.930541,0
1734733710.039403,0
1734733710.147818,0
1734733710.265945,0
1734733710.383160,0
1734733710.506619,0
1734733710.612442,0
1734733710.738618,0
1734733710.843346,0
1734733710.968448,0
1734733711.091043,0
1734733711.216676,0
1734733711.333190,0
1734733711.451299,0
1734733711.570083,0
1734733711.677460,0
1734733711.795735,0
1734733711.911210,0
1734733712.025783,0
1734733712.141001,0
1734733712.270713,0
1734733712.387585,0
1734733712.506615,0
1734733712.624514,0
1734733712.739832,0
1734733712.861310,0
1734733712.971358,0
1734733713.087153,0
1734733713.201597,0
1734733713.320186,0
1734733713.433195,0
1734733713.544080,0
1734733713.656261,0
1734733713.768433,0
1734733713.882347,0
1734733713.994990,0
1734733714.105693,0
1734733714.217780,0
1734733714.327134,0
1734733714.438638,0
1734733714.548727,0
1734733714.655226,0
1734733714.767393,0
1734733714.874204,0
1734733714.983115,0
1734733715.089474,0
1734733715.201418,0
1734733715.311550,0
1734733715.424021,0
1734733715.537153,0
1734733715.653006,0
1734733715.761433,0
1734733715.873381,0
1734733715.978667,0
1734733716.092386,0
1734733716.200260,0
1734733716.314682,0
1734733716.425709,0
1734733716.535374,0
1734733716.645651,0
1734733716.751411,0
1734733716.865047,0
1734733716.991847,0
1734733717.112521,0
1734733717.227124,0
1734733717.342692,0
1734733717.459527,0
1734733717.585985,0
1734733717.692889,0
1734733717.802369,0
1734733717.913049,0
1734733718.029206,0
1734733718.134642,0
1734733718.244105,0
1734733718.353986,0
1734733718.462777,0
1734733718.574754,0
1734733718.687207,0
1734733718.796790,0
1734733718.910444,0
1734733719.018708,0
1734733719.124945,0
1734733719.229295,0
1734733719.346226,0
1734733719.459770,0
1734733719.568309,0
1734733719.677441,0
1734733719.789806,0
1734733719.897011,0
1734733720.006209,0
1734733720.118994,0
1734733720.224554,0
1734733720.335951,0
1734733720.448200,0
1734733720.558712,0
1734733720.671976,0
1734733720.781272,0
1734733720.889263,0
1734733721.003695,0
1734733721.114638,0
1734733721.233916,0
1734733721.340550,0
1734733721.460391,0
1734733721.579009,0
1734733721.703750,0
1734733721.828840,0
1734733721.954671,0
1734733722.074028,0
1734733722.191679,0
1734733722.312272,0
1734733722.420808,0
1734733722.540437,0
1734733722.661736,0
1734733722.785657,0
1734733722.946224,0
1734733723.057027,0
1734733723.168821,0
1734733723.280307,0
1734733723.387088,0
1734733723.507321,0
1734733723.614083,0
1734733723.732866,0
1734733723.853879,0
1734733723.975667,0
1734733724.094419,0
1734733724.251223,0
1734733724.357334,0
1734733724.462442,0
1734733724.567278,0
1734733724.674490,0
1734733724.794241,0
1734733724.899280,0
1734733725.017471,0
1734733725.128785,0
1734733725.245793,0
1734733725.361655,0
1734733725.483473,0
1734733725.594548,0
1734733725.701690,0
1734733725.812507,0
1734733725.922311,0
1734733726.038520,0
1734733726.148095,0
1734733726.261035,0
1734733726.372156,0
1734733726.483610,0
1734733726.594616,0
1734733726.721468,0
1734733726.874980,0
1734733727.003961,0
1734733727.138281,0
1734733727.254445,0
1734733727.405029,0
1734733727.520230,0
1734733727.635770,0
1734733727.744077,0
1734733727.852607,0
1734733727.958541,0
1734733728.078929,0
1734733728.197113,0
1734733728.319259,0
1734733728.433645,0
1734733728.546706,0
1734733728.657518,0
1734733728.769472,0
1734733728.886369,0
1734733728.998709,0
1734733729.108051,0
1734733729.216237,0
1734733729.330154,0
1734733729.443659,0
1734733729.579833,0
1734733729.713207,0
1734733729.826573,0
1734733729.935605,0
1734733730.047825,0
1734733730.159526,0
1734733730.271596,0
1734733730.383107,0
1734733730.494115,0
1734733730.601457,0
1734733730.725643,0
1734733730.834018,0
1734733730.946819,1
1734733731.057942,0
1734733731.175568,0
1734733731.282737,0
1734733731.398324,0
1734733731.516358,0
1734733731.627202,0
1734733731.746240,0
1734733731.851424,0
1734733731.964239,0
1734733732.069050,0
1734733732.183364,0
1734733732.293161,0
1734733732.402065,0
1734733732.516374,0
1734733732.626110,0
1734733732.733428,0
1734733732.839533,0
1734733732.943474,0
1734733733.047989,0
1734733733.154917,0
1734733733.273731,0
1734733733.385401,0
1734733733.499684,0
1734733733.610404,0
1734733733.738986,0
1734733733.848539,0
1734733733.963980,0
1734733734.067981,0
1734733734.178925,0
1734733734.292785,0
1734733734.412274,0
1734733734.536222,0
1734733734.647342,0
1734733734.758875,0
1734733734.871146,1
1734733734.981629,0
1734733735.091295,0
1734733735.200635,0
1734733735.309300,0
1734733735.413496,0
1734733735.520238,0
1734733735.640126,0
1734733735.790935,0
1734733735.936188,0
1734733736.049424,0
1734733736.160639,0
1734733736.272984,0
1734733736.378822,0
1734733736.482503,0
1734733736.586463,0
1734733736.693092,0
1734733736.798874,0
1734733736.910864,0
1734733737.017525,0
1734733737.122117,0
1734733737.226207,0
1734733737.341119,0
1734733737.447062,0
1734733737.562438,0
1734733737.696612,0
1734733737.835769,0
1734733737.945075,0
1734733738.053715,0
1734733738.166166,0
1734733738.272243,0
1734733738.382027,0
1734733738.488595,0
1734733738.599672,0
1734733738.715917,0
1734733738.824051,0
1734733738.935956,0
1734733739.050344,0
1734733739.155773,0
1734733739.261712,0
1734733739.368119,0
1734733739.487088,0
1734733739.592616,0
1734733739.717603,0
1734733739.845068,0
1734733739.973419,0
1734733740.085477,0
1734733740.199298,0
1734733740.303720,0
1734733740.414909,0
1734733740.520149,0
1734733740.628010,0
1734733740.733614,0
1734733740.838572,0
1734733740.943269,0
1734733741.078584,0
1734733741.197356,0
1734733741.314837,0
1734733741.433614,0
1734733741.542017,0
1734733741.646995,0
1734733741.755966,0
1734733741.861981,0
1734733741.978458,0
1734733742.091142,0
1734733742.209687,0
1734733742.321303,0
1734733742.440368,0
1734733742.551072,0
1734733742.670452,0
1734733742.776964,0
1734733742.891351,0
1734733743.000763,0
1734733743.112514,0
1734733743.226995,0
1734733743.337855,0
1734733743.452643,0
1734733743.560636,0
1734733743.678143,0
1734733743.783065,0
1734733743.897099,0
1734733744.007723,0
1734733744.113718,0
1734733744.229815,0
1734733744.352633,1
1734733744.490996,0
1734733744.611194,0
1734733744.821708,0
1734733744.943528,0
1734733745.055197,0
1734733745.239582,0
1734733745.357569,0
1734733745.475477,0
1734733745.591901,0
1734733745.704933,0
1734733745.817534,0
1734733745.927425,0
1734733746.037340,0
1734733746.145607,0
1734733746.351892,0
1734733746.497899,0
1734733746.631653,0
1734733746.840942,0
1734733746.958354,0
1734733747.096322,0
1734733747.219899,0
1734733747.332074,0
1734733747.445841,0
1734733747.563012,0
1734733747.677752,0
1734733747.790384,0
1734733747.906759,0
1734733748.014827,0
1734733748.140002,0
1734733748.258339,0
1734733748.372469,0
1734733748.490428,0
1734733748.607018,0
1734733748.726211,0
1734733748.840178,0
1734733748.956442,0
1734733749.069285,0
1734733749.176516,0
1734733749.293324,0
1734733749.404936,0
1734733749.518137,0
1734733749.632659,0
1734733749.747375,0
1734733749.869552,0
1734733749.979414,0
1734733750.140551,0
1734733750.259988,0
1734733750.378608,0
1734733750.503784,0
1734733750.630194,0
1734733750.757852,0
1734733750.876678,0
1734733750.994366,0
1734733751.114973,0
1734733751.278180,0
1734733751.395768,0
1734733751.523784,0
1734733751.641911,0
1734733751.799302,0
1734733751.911667,0
1734733752.033952,0
1734733752.154865,0
1734733752.289385,0
1734733752.404903,0
1734733752.520933,0
1734733752.639908,0
1734733752.784955,0
1734733752.898053,0
1734733753.014532,0
1734733753.132955,0
1734733753.292989,0
1734733753.418527,0
1734733753.524853,0
1734733753.644260,0
1734733753.760560,0
1734733753.881537,0
1734733753.993499,0
1734733754.104468,0
1734733754.219848,0
1734733754.333726,0
1734733754.445962,0
1734733754.552766,0
1734733754.670930,0
1734733754.784924,0
1734733754.890863,0
1734733755.007165,0
1734733755.125685,0
1734733755.246581,0
1734733755.362730,0
1734733755.481230,0
1734733755.599459,0
1734733755.724143,0
1734733755.830903,0
1734733755.942708,0
1734733756.059181,0
1734733756.173539,0
1734733756.288311,0
1734733756.398457,0
1734733756.519706,0
1734733756.641269,0
1734733756.753247,0
1734733756.869035,0
1734733756.989738,0
1734733757.107194,0
1734733757.218421,0
1734733757.353166,0
1734733757.498622,0
1734733757.619332,0
1734733757.752244,0
1734733757.899448,0
1734733758.016842,0
